Date,ALL,SIVB,XRX,AJG,PNC,CAT,FDX,SCHW,GT,DXC,DHR,SWN,BSX,ATO,SIG,THC,IP,NWL,FAST,PRGO,SHW,BAX,EMN,PPG,ITW,RRD,BIIB,KBH,CMCSA,AIG,ED,ROK,REGN,CDNS,WELL,COF,TGT,TXN,SPGI,DD,MCO,NKTR,MAR,LMT,CMA,VZ,PCG,MGM,CPRT,JCI,ORLY,AA,GPC,GILD,MAA,PAYX,AXP,RRC,EXPD,INTC,WDC,BMY,NVR,REG,LUMN,K,XLNX,ATVI,DOV,EXC,HST,LNC,ADP,CVX,BDX,GWW,CVS,COG,PEG,FL,PBCT,GIS,CMI,FITB,IPG,COP,MMM,MCHP,HBAN,CAG,RHI,LIN,TRMB,STZ,HP,AIV,RCL,FISV,FRT,CTAS,SWK,MCD,CLX,SJM,SO,IFF,CMS,F,XEL,DIS,HSY,VFC,EIX,UNM,TT,LEG,ROP,ALB,MMC,CSX,PNW,BIO,CL,PH,APA,TMO,BBY,PFE,DE,IGT,BIG,KMB,TROW,LUV,BEN,PGR,FOSL,PNR,AVB,ETR,MTB,NUE,BA,LRCX,SEE,WBA,MS,ORCL,PHM,ADSK,NSC,PVH,ABT,APD,VLO,BKR,NI,TFC,IBM,ZION,BBBY,VRTX,RAD,CNP,TXT,MXIM,WMB,PBI,WM,HON,OKE,ROL,TSN,EFX,OI,IDXX,PKI,HWM,UDR,VAR,DRE,SLB,R,ODP,TYL,C,SNPS,XOM,CERN,TJX,T,TGNA,AES,GE,EOG,MSFT,LH,UNP,AAPL,WRB,MLM,MAT,APH,HES,EQR,FMC,WST,VMC,RIG,PPL,INTU,DHI,LLY,CAH,GL,PEP,MNST,LHX,BLL,D,PDCO,AON,JWN,MAC,ECL,HPQ,WFC,MDT,KEY,VTRS,HRB,RTX,UHS,KLAC,TFX,BWA,ALK,FHN,MO,IT,CPB,HRL,HOG,MRO,JNJ,CINF,GRA,VNO,HOLX,HFC,OXY,NTRS,J,HAS,COST,AMAT,ODFL,AOS,KSS,ABMD,NBR,INCY,NOC,PCAR,AME,CI,WY,CLF,AMGN,CHD,SNA,CB,SYK,PSA,LOW,TAP,X,AFL,FLS,MRK,CCL,KO,GHC,ZBRA,HAL,EVRG,EA,L,KR,FLIR,NEM,UNH,JBL,QCOM,TRV,ADBE,RF,HD,ESS,WMT,SWKS,BAC,JPM,STE,USB,SYY,GPS,RJF,HUM,TER,MHK,ES,WHR,AEP,MOS,STT,SPG,AVY,KSU,ADM,MSI,PG,JEF,LEN,EQT,SLM,GLW,JBHT,WEC,IEX,NEE,O,AZO,MCK,KIM,EMR,NLOK,OMC,SBUX,NKE,MU,JKHY,AN,DUK,ROST,BK,LNT,ETN,LB,MUR,DTE,TSCO,XRAY,NYT,ADI,CCK,MKC,MAS,CSCO,DVN,AMD,GD,PEAK,COO,URBN
2007-08-23,0.515177230231045,0.5147557314213101,0.4753208863779281,0.4935495391491136,0.4961746758192971,0.4898391983349547,0.5038534851928637,0.4930968634192927,0.5296440548442339,0.5140930248445789,0.5150261505848552,0.5053402103169529,0.4827502490299473,0.5145900071393907,0.4908462211502626,0.5235935774576332,0.4895484548477943,0.5254499575067615,0.5307925191238024,0.5129145736468056,0.5003785387507627,0.4870391647372888,0.4976375033142598,0.5192279506676356,0.5152148975720369,0.5451347770475283,0.4940683378028333,0.5112826029945389,0.4990476824029684,0.4999796443646601,0.4974193361824522,0.5064222702066634,0.5082766381446259,0.5159071915485196,0.4881675335685685,0.5246066809259956,0.5193462945046623,0.5020886752456749,0.5102022203948103,0.5004181058339302,0.5275689156713699,0.5164721516054768,0.4935577719836314,0.5359469081590131,0.4878222604539971,0.4922314163234363,0.513817636591677,0.4847968479299163,0.5024618652209866,0.4982582059281284,0.5282037676892466,0.5051149222689036,0.5152428960659341,0.5041913737632696,0.4795947081994307,0.5020626305987244,0.51300317429569,0.5246369913767762,0.5228433976372071,0.5023465662537103,0.5183217881990586,0.4900022049217303,0.4976642389353094,0.4959214274384986,0.5213431594469348,0.4967465743005656,0.5319012352828062,0.4967187242893154,0.5148051067570703,0.5219427410271227,0.49211513682293,0.5109140888110439,0.5037792844217922,0.4891449004211996,0.5020199909198353,0.5166279370776372,0.5008049915688026,0.5187797474701312,0.490247627307785,0.4928401152206431,0.5091932437832773,0.5040863308851141,0.527880925770107,0.5040972074486735,0.5070830454419876,0.5011118852240846,0.4981001845037501,0.5247475944706318,0.4984270822942346,0.5003032933331227,0.504036100864956,0.5078487992573596,0.5048115161724014,0.4870012876810534,0.5199239096013117,0.5018171741190263,0.5046414760949913,0.5051842301699947,0.4899507866505737,0.5139841188633185,0.490651907470797,0.4911560724099125,0.4820999617309918,0.5142983453964757,0.4973234737233201,0.505784515542549,0.4823062953695257,0.5270311101637496,0.5038777932750312,0.49664417712684006,0.4966665178555637,0.4994513039428766,0.5211333504335054,0.5148512295001357,0.5150350130942808,0.4889634285744297,0.5186128386413479,0.5100789039964494,0.5058635132159519,0.5421702696106132,0.5114136618320891,0.5046754878881584,0.4982020754411842,0.5207331700869912,0.5168469563125406,0.4996243239157794,0.5133236646600711,0.5012115278395997,0.50454307219342,0.5193361150544998,0.5147299784720811,0.5077943723097309,0.4803213456555146,0.497483362720438,0.4966697609275971,0.4867744758860745,0.4994220611949858,0.5099325583664717,0.514911307107877,0.5101310775891419,0.4915228447353823,0.5147146109613168,0.5238872233726672,0.5065550532404786,0.5188356688741146,0.5055731299962971,0.5124691339666236,0.4963350755262875,0.5206202559991724,0.489586622796883,0.5093915902543207,0.4857159196846612,0.5093296334718679,0.5335746195081882,0.5313719730469879,0.4983986960010248,0.4879188520603738,0.4915010474010014,0.5097990452599962,0.5004340169328512,0.5189184001293324,0.4967383532624658,0.5017939815194913,0.4983089686343226,0.5235778365936493,0.485685766313619,0.4876187363119077,0.4795717283890025,0.5061807602039753,0.5299493349663759,0.5155037828564222,0.5137864186579589,0.5052567097157162,0.4905510884964456,0.5029619485946295,0.4877859699354986,0.4961765553838161,0.5051149222689036,0.4722433676019021,0.4951997868506685,0.4988872450985469,0.5094635472172139,0.4964310433243875,0.5224302754734911,0.4922441656350018,0.5034875951432719,0.5098186529431453,0.5082194215770898,0.5008598631579733,0.5052524256560481,0.5120111893842759,0.5137942300406368,0.5337922431879761,0.4960479760876166,0.5066433741259626,0.5041907183070695,0.5120218714994921,0.5385807901071016,0.5307172175064873,0.5164949451201061,0.5130188506266626,0.5361459365000172,0.5220466554849061,0.5153707996799716,0.517095168950429,0.5074691069074692,0.5095581803054783,0.5388226474739023,0.5112285149319306,0.5137240539580079,0.5136302757690095,0.5065304285712633,0.4996785871516228,0.4889313739277241,0.5084495695785569,0.5037040003332172,0.5225553060869254,0.5173080597680633,0.495479873740594,0.4979013581088334,0.4907247024475091,0.4769081610410816,0.5091764744829116,0.4940294585902595,0.517626408232778,0.4981535243213988,0.4733101817824092,0.5007911729976482,0.5023352905661229,0.5153808266993519,0.4919285172135661,0.5252809901721708,0.4966475846943144,0.5255780085562219,0.4977557536474958,0.5298257179970594,0.4847313082657148,0.4987944261146046,0.4869424617221476,0.5071128524650576,0.5195050323577795,0.5330862571786972,0.487339791530167,0.5055511210243591,0.4957152076119418,0.502689709648766,0.4954552961456422,0.4871778956636472,0.5063263710105105,0.5033923742618196,0.5065197779149819,0.5278161925195178,0.5220556990932504,0.5084599849038302,0.4876756787891357,0.4867287489808198,0.5098625144181923,0.5163024970742736,0.5136891455560967,0.5242939948035613,0.5275320098027007,0.4835277946103282,0.5368129520268131,0.5304151636152332,0.4804043506853774,0.5037378523626671,0.5153572201269486,0.5092309505079242,0.5151308369056153,0.531263774717081,0.5018456355330939,0.5252738581846141,0.5202039496945734,0.4973484576197785,0.5068942178603933,0.5129186900998555,0.5124724373730011,0.5088157616795298,0.4907538197918059,0.5031279431439389,0.5117295991531873,0.4944791615900158,0.5340511994101019,0.5023437906624322,0.5102211079391747,0.4973202025442402,0.4920457845888606,0.5098609394817792,0.5053180222525059,0.5060238980917919,0.5048270945575987,0.4942710282539685,0.5390868525278838,0.5155301449245848,0.5044653426458268,0.5209114213306132,0.5002855280718568,0.5380417928072984,0.4890549895849505,0.5122120243492706,0.5184685424452596,0.4889295845437449,0.503048045757396,0.5109916127335825,0.4938538399063951,0.4828636893348362,0.5196166633250262,0.4720218665017544,0.5417847477347869,0.5262150733620836,0.5153548563673086,0.4998236718320866,0.5084545825349023,0.4952199885205871,0.4824308046787112,0.5022636809389092,0.506009858098992,0.5075008660597561,0.5328021318686083,0.5032320002422793,0.5184244023991621,0.4811133354170807,0.4970626167581042,0.4847305738286545,0.5064639135656648,0.4946037345668531,0.5100327864400032,0.4958626283208506,0.4854351116022591,0.5177012940668526,0.4997377472048226,0.5002107362102252,0.5105128220003259,0.50911925175005,0.4902558847884106,0.5259655187127804,0.4974133819872432,0.4976648431162764,0.489056751229241,0.5319120062911157,0.5089668260265365,0.5005564756347501,0.5006814791592289,0.5141224046412559,0.5218265719519831,0.5047430440114616,0.4979601261012511,0.5252847562981268,0.5158413673662374,0.4976271726935819,0.5020002131921767,0.5101521386627214,0.5029918212646519,0.4891473452601398,0.5269509104176949,0.4873421814699683,0.4955134296460237,0.5027142167434044,0.5083261665145411,0.4986757163848011,0.5102938928547905,0.5023728588393667,0.4959573373338174,0.514225616554691,0.49661964120098
2007-08-24,0.4710013601304374,0.5040528617566684,0.4859291099928495,0.4883871791094274,0.4740615100334061,0.4943831949502866,0.4917768344857118,0.4701822460975916,0.5090894356203175,0.486229191673595,0.4878338754487412,0.5044419312992197,0.4919391962134577,0.4998336980325282,0.4852124947657005,0.4950894949307028,0.4958559462684844,0.4848070182887183,0.49176605119715006,0.4705123256935351,0.4616763562397366,0.4908900925178638,0.4981669928705667,0.4908919775335816,0.4765268452196845,0.5032978590956941,0.4861736066941379,0.484399931553137,0.4837753577999292,0.4829792096645955,0.4835590544141031,0.5022726286422438,0.4891999533218554,0.4805497222287328,0.4908002864467392,0.4998817773705264,0.4656788083463608,0.4893296954729984,0.5149844333200184,0.4981792277856629,0.4881155102346542,0.4807397612036943,0.4874103094622449,0.4892930356843268,0.4872395648458268,0.5059971676698054,0.4768235908323619,0.4677573134626957,0.4940314933167054,0.4901031551038249,0.4667965691164344,0.491043601583748,0.4894832386332593,0.4946137564029983,0.4815045098464683,0.475377433702835,0.479367904974481,0.4977782107857733,0.4870360671035502,0.4867060712667933,0.5067627201272596,0.4830258540739046,0.5004315566354582,0.4776042934007512,0.4713150946144422,0.481353660006121,0.4778710777089328,0.5039125849663995,0.4870843380340344,0.4920725651843717,0.4960823314080247,0.4580739719970736,0.5021926455433117,0.4967944921798551,0.4883683771369242,0.4721139045668222,0.4908461794669222,0.5004686108283561,0.5044008120820658,0.4975793127784993,0.4847184528507754,0.4803820175937205,0.5015916842246272,0.4765709772535458,0.4994576548916654,0.5045808983182647,0.488752181500199,0.4969307655699721,0.4765257587863328,0.493089404522937,0.4998973658308706,0.4930391845922291,0.4832653937502676,0.489478325284769,0.4604051448239309,0.4950965490164325,0.4604788332280682,0.48950382952417704,0.4937148191413589,0.4828380857638775,0.4723394180362474,0.4894893004800992,0.47537347114694,0.4752098286736254,0.4855957416862767,0.5183342330335249,0.4743991433995012,0.4978318201684693,0.4937400295654675,0.4806819274171039,0.4639241308714954,0.4814411518075814,0.4788414875622546,0.4775110928192794,0.4789259344623842,0.4718803927892126,0.5031900451944594,0.4916536347487062,0.4963056013967795,0.4867301308388411,0.4816916916407928,0.4815750691612668,0.4908961234939714,0.4751291644801276,0.4965635878346146,0.4837480957716816,0.4920734588767643,0.4885924333958828,0.4877112304278608,0.500088318243882,0.4567691116205888,0.4904299842018972,0.4887361047203134,0.4815743161170994,0.4917565857439887,0.4756127073263109,0.4909710767977958,0.4838374245977846,0.4900979665253457,0.512105784941203,0.4915503646357559,0.4793920408297971,0.4759578168984554,0.4906604772189379,0.4948350147530428,0.4900098778347857,0.4957755028978437,0.4940226271630291,0.4756098510529517,0.4976383178928407,0.4957220429183946,0.4687138332743761,0.4884199118760049,0.4864028014518332,0.5019361815927522,0.4905109224944019,0.4850888109926456,0.4679187286685554,0.4930447782397095,0.5052508255281812,0.4752575280386955,0.4938295812790938,0.5044869923391783,0.4947333611336652,0.4928468355373651,0.4973964230858818,0.5124052601161122,0.493973338349768,0.4910349303307381,0.5301252906308644,0.4773430488240032,0.4730508447089574,0.4884831384546433,0.5033312787465543,0.5046303806312639,0.4869171063989695,0.5062872235072963,0.491043601583748,0.48233287659134,0.4897625333932771,0.4834141913787886,0.4938815649813279,0.4844999435248857,0.4822509488005232,0.4805782399478186,0.4861422299335764,0.4710514993128609,0.4915615697746533,0.4966394541154669,0.4956727294861133,0.4772007380979906,0.4721087293259201,0.4721468535509572,0.4860650607544946,0.5021659314016107,0.487143114035548,0.4843762828024799,0.4618626497259263,0.5017787451342539,0.4610979347945877,0.4839315832107266,0.4991660247656595,0.4905608685997289,0.505903171541253,0.489083715100839,0.5054370257697631,0.4923006597688076,0.4689649031153308,0.4938749101486623,0.4872112791081632,0.4677423315934445,0.4855189463124286,0.4622637505990356,0.4882224635391224,0.4767741028128831,0.4807092307945555,0.4927837015375115,0.4832149230805188,0.5049157037534149,0.4679347867790151,0.5085242395138007,0.4873290827924576,0.4694593839968311,0.4951850169701746,0.5026077169633848,0.4760617793687938,0.4880369985016279,0.48877737516214,0.4971701981335052,0.5294387500144334,0.4896943890612525,0.4982331672756183,0.4820176744271554,0.501054162535877,0.4911253299032731,0.4598555685669659,0.4670646303545778,0.4904974084877845,0.4922859204006914,0.492106036886145,0.4847320130330525,0.4566365323667544,0.505284290583932,0.4583999314798217,0.4994087208179296,0.4641124736803465,0.4842825724384335,0.4800842763468361,0.4741880114013468,0.4995236168951874,0.5036149532773857,0.4930530170977542,0.4868760595758889,0.4757861409625849,0.4946455521271992,0.4984431119262525,0.482346961904214,0.4791867667456813,0.4888318475232626,0.4794977287036029,0.505647094588521,0.4712448842499676,0.4852899796905721,0.4802669244279689,0.4751578006160646,0.4975450667163776,0.4922213403615738,0.4952763308433481,0.4934019617036186,0.4607582624515363,0.4727902567464785,0.4771562121033028,0.4805791827077501,0.4884278310969913,0.4728456139737584,0.4934404418840192,0.4948233674978608,0.4862564069315111,0.4772433465598814,0.4881759938724418,0.4633089173241029,0.4805001136115533,0.4888453419019971,0.4855225743127464,0.4967527190041302,0.4777390626565196,0.4779796878395238,0.4480831431644845,0.4848808270109226,0.4795690118753658,0.4915593584450304,0.4826269623785569,0.4905851197588039,0.4956323967743648,0.4925528087764101,0.5052635776392032,0.4876209664173735,0.4754710224098664,0.4877261324893044,0.4985886851785834,0.4894154956654712,0.487761738340729,0.4876505039625403,0.4822155938894618,0.4777315029372677,0.4829919146766609,0.486401496626832,0.4822700080915141,0.4827999832562414,0.4921855039448455,0.4912599383151735,0.4859327594164253,0.4895598888082421,0.4893103438791573,0.5072389738924389,0.4569326132213565,0.4911694990511186,0.4770018546276501,0.4919217382849073,0.4957322135085826,0.4876802959134123,0.4920094974571777,0.4954919241932165,0.4889103487740041,0.4805836080849494,0.4916045313101764,0.4927787157819704,0.4975953136433161,0.5061138611594861,0.4683480754256275,0.5081455712103379,0.4691269125986487,0.4883567206107178,0.490019516006029,0.4736461610067837,0.4807051091167792,0.4962935089148223,0.4829198753777567,0.4891371637961708,0.497710113999072,0.4958428631303422,0.4575552177357347,0.472367512978799,0.49161550336280896,0.4897374485789411,0.4805141430365059,0.4880242487537922,0.4748786964664705,0.4927227086334938,0.4943770711296162,0.4920857673518691,0.4873876525147735,0.4940432503280066,0.49558912684956496,0.5069367491110713,0.4992916387035054,0.4797873212426333,0.4942701082083735,0.4809067416802678,0.5006990038505903,0.4905673615965776,0.471428711912115,0.5063650105076751,0.4930906861814437,0.4743341272823226
2007-08-27,0.5070787121341906,0.5090506147751163,0.5211812101548824,0.5112756802280909,0.4898550551860028,0.5080893981870884,0.4899813763186142,0.5220114705579765,0.5007797296707521,0.5029509263608397,0.5008676622259092,0.4993638657484515,0.5049524535854566,0.4976937406252456,0.5056057143455028,0.5341007768927204,0.5185685626561604,0.4756508929055782,0.4991606203032278,0.4828722549906607,0.502845921097124,0.5007108014893664,0.5092937031404211,0.5147240516569368,0.50076196220674,0.5157757093969603,0.4925614647626388,0.5116045771918178,0.4928065166265406,0.5025266415113285,0.4963100400283431,0.4947288491940544,0.4869141633213,0.4964275740413652,0.4792825641778211,0.5074669554972316,0.4889453239210154,0.4973072301272115,0.4961206739623269,0.4939687581925022,0.5138189069419894,0.4983862718652038,0.4881493124192686,0.4885537017908518,0.5079025328874149,0.5083905106968377,0.5074402623661389,0.4969527642309574,0.5109405351476545,0.4914150323114244,0.4718679410090548,0.47401195709301397,0.5085440302070123,0.5003804647114348,0.5139575072565988,0.4964494904044767,0.4958644101730001,0.4880200764169337,0.5095489630785596,0.4882429012188406,0.5076229463637527,0.4887140744094732,0.4811639621604791,0.5065788274668622,0.5296542885039286,0.4941886414765596,0.501158434739744,0.5044770389817546,0.5030585100119036,0.5152638834835016,0.4985195190682086,0.5093292252064807,0.5180809555466701,0.4986868108727894,0.4987504493832342,0.4755519858564,0.4966896792407718,0.5085553548259562,0.5029217360115041,0.4731407017274031,0.4846222956325728,0.5039269148790916,0.5047115543065358,0.5070356430113077,0.500827670544964,0.49721568174392106,0.4977358631465533,0.4925979833367048,0.5123665764800547,0.5041670818518212,0.5137065211942698,0.4767292044648916,0.5009226546497006,0.4930544859248869,0.5262693529592475,0.4968667292360046,0.5124156584448514,0.5073925799369899,0.5035965974977906,0.500042500574355,0.4913596548869542,0.4851948761968049,0.5021674929757058,0.532075506073001,0.5019881950093943,0.505058545900951,0.4898308304491542,0.4995452174856689,0.5009709383927795,0.4952946515967731,0.5034121330470739,0.4994196015682509,0.5118426048779668,0.5074865990812881,0.4965104112638691,0.4886224385443193,0.496950020119621,0.5205056524304736,0.5061740356574519,0.4960775462969208,0.495621126211821,0.49286627431140706,0.5237785684672533,0.4926120205416838,0.4990337991594202,0.4871396832872582,0.4978617308335568,0.4947045535254177,0.5011321402167017,0.5038636649298855,0.4914203332208186,0.5060123818577471,0.5045656430952861,0.4919932373331508,0.5045795067600012,0.5004331185074362,0.4915901194178829,0.5079298603310928,0.5168682080627559,0.4897699354609072,0.5089469363754467,0.4955867154306465,0.4909184086841709,0.4973040781713911,0.5203474348465483,0.4923626907632159,0.4955585423990517,0.49963186854450004,0.5081778549896252,0.4815886998341858,0.5008655593400311,0.4947592479592063,0.5028398089897789,0.4893426799354365,0.4962141690280813,0.5015123857247014,0.4987206241853176,0.5094674629968151,0.5074530251313508,0.508460774768879,0.5169809898733432,0.4935257465326589,0.4971017895335,0.5061483937103719,0.4998887184563842,0.4902686863386496,0.5003855994054316,0.5073112598354049,0.5024000725140642,0.4707861626217175,0.5089732080477607,0.4987283598353282,0.5132317552262632,0.4990840840084379,0.5128183054266016,0.4837370475018041,0.4870841034094556,0.47401195709301397,0.4911847149521306,0.5108438610787713,0.5015182329699317,0.4825223364022512,0.4991854812240866,0.4993823932373965,0.4903322172258149,0.5058083497041639,0.4709409209925845,0.4850898224282224,0.5045917902573811,0.4986219977206166,0.5145303735369418,0.5145153722007149,0.4999107193482316,0.5078115293389079,0.5113207241406854,0.4906581429999286,0.5025841739176232,0.5102277050538803,0.5004377399744703,0.5126985034823162,0.5027325664737676,0.4965277936066946,0.5192654446985442,0.4942499357817992,0.488749017563063,0.4969821466162475,0.5437784619781334,0.4976911050800622,0.4847515058211602,0.5226473592490429,0.5520476911515021,0.5110442062169882,0.512471312248441,0.4893547698160858,0.4947944642900644,0.5034552478748567,0.5020912467198511,0.5168797170927705,0.5102186168263427,0.4959946164946994,0.5026793962776028,0.4927130981072518,0.5103682499153078,0.489665236252868,0.497823447144906,0.4932311727727456,0.4973814931977061,0.4953277900902792,0.5019694367109229,0.5383892753890499,0.5100803816268886,0.4998684544395293,0.5175136847831462,0.4872578634745309,0.5204041952984715,0.4996520779644893,0.4921503170588618,0.5139430250390662,0.4939561614306601,0.4937739818789876,0.5097818172072293,0.4863272188595065,0.5075870962997299,0.4930144755756946,0.4972054345341049,0.517034826565715,0.5088731263202513,0.4861064113372424,0.5034699825737807,0.4585072918906444,0.4890397131013362,0.5064006446070056,0.4990510744333729,0.5036117604515284,0.5018790524317048,0.4991912374740255,0.4916442514771911,0.5043448772896771,0.4997230029754384,0.4797674620266297,0.4982687958694797,0.5010573153214509,0.5155880691601125,0.4882877285030531,0.5068209736108145,0.5189834656020431,0.49102170953342894,0.5258785306066943,0.4919060049785356,0.5321414003493208,0.5240827547025069,0.4846905298757321,0.5211446841153229,0.4837155972739736,0.5036537865548577,0.5321832260422544,0.4946761708719177,0.5182362480652615,0.484294838922704,0.4930827042629639,0.5036557883078752,0.4957256846413434,0.5288101412184806,0.5036393214061676,0.4976644700757815,0.4953000242798941,0.4922469031777751,0.5045627193184368,0.5056788540211553,0.4915773225279612,0.4987345432248437,0.4999220947799679,0.5048058302003309,0.5003618501589926,0.5204220265406839,0.4898297880432745,0.5134252267521692,0.4880915039269613,0.5017035838708206,0.4855199301459365,0.5152862456432662,0.5090860505995001,0.5023411385470483,0.5284440786181652,0.5159375683617061,0.4964033924554839,0.5132142963616683,0.490331898458927,0.5143078046430778,0.4875796069351084,0.4916335281696141,0.5086409250771203,0.4855490370126765,0.4948593433030227,0.4993283920168628,0.5109538599630516,0.4926756094036816,0.4891043360210154,0.4926402742714181,0.5089962102590807,0.4890708744368368,0.508751929147124,0.5169155090055962,0.4915529077070239,0.4743127759166252,0.4981262159760741,0.49675109592950606,0.4959810911692381,0.4914784856013709,0.4944730307928086,0.498326630578117,0.5003969076524155,0.4937054085931408,0.5296602450443184,0.5012982184180476,0.5059036120131569,0.5018789492834445,0.5198799480099142,0.4987820665652604,0.5194744086295112,0.4901498903500284,0.5005231393063692,0.5203018653286686,0.4910887979864115,0.4985460075118467,0.5181984345369205,0.5096528692586378,0.5214419125106889,0.4881097733063327,0.5098191844918096,0.5045797002612896,0.4897840342196677,0.5145762044924873,0.5017746108796824,0.4836278718414281,0.512323279204669,0.5281262956070344,0.4977281925083602,0.4981752444571255,0.5120473342494966,0.4879327716168073,0.5035600105183441,0.4921381931097994,0.4932970497853818,0.4921908805787498
2007-08-28,0.5343855638106523,0.5275148571650006,0.5045899055315415,0.5179584100152839,0.5312635415458609,0.5240297038408941,0.5143675409331676,0.5144407260976673,0.5069929315232551,0.5390468724439818,0.5116079431068412,0.5184503806494718,0.5105082685031623,0.5208685398647103,0.5085305595087165,0.514701450041268,0.5014102863895011,0.5146899661348949,0.5218329734210921,0.5235780183226597,0.5026565919346215,0.5140554061406438,0.5052921367862565,0.5352678530974619,0.5249119495524192,0.5153062277954183,0.5079219791746198,0.5200520740956213,0.5072674287523405,0.5046469855950837,0.5092258076005496,0.5404437761503156,0.5068582216136059,0.5068472144326681,0.4972944490180994,0.5200007482993098,0.5229703815606703,0.5165339604473826,0.5301150235395473,0.5166211305273595,0.4981450821586656,0.5033931622984881,0.5183118737323112,0.5181012480755749,0.514630225640436,0.5285680242449106,0.5358578653098254,0.4958732739711158,0.5055272418309228,0.5035339301584246,0.5213452310166826,0.5052397498779538,0.5316062285094341,0.5174917737603382,0.5124764578058545,0.507044422244915,0.5209886587173022,0.5125200219257002,0.5187011015121682,0.5199589582625935,0.5191630238260809,0.5227581882067959,0.5129882721756391,0.5113243606885798,0.5073746326002752,0.5062246660968156,0.5081424707922334,0.5112834076055932,0.503663645518039,0.5158300405973468,0.5066036171873457,0.5275867649169328,0.5207815723645499,0.5244322325448415,0.5234293864139313,0.530610000107967,0.5262715270623899,0.5142217265699639,0.5113731597453518,0.4997292250264394,0.5194008460963887,0.5196916103342352,0.5273643704389666,0.5080067116859671,0.5112932131583543,0.5245792798238319,0.5036490414861914,0.4970551005832362,0.5087495686759727,0.5176568596794261,0.5158693218239481,0.5159722581662439,0.5140053007242871,0.498156097468037,0.5097385741515256,0.5048178818002941,0.5097819192675994,0.5108195272256985,0.4946019113903716,0.4975590918886614,0.5226454178602908,0.5008743682570106,0.5084889339983911,0.5304009323605289,0.5083798794115724,0.5282114994301627,0.5017506117973387,0.5223779160453796,0.5261009549496508,0.5315687245563084,0.480382830206854,0.5215282522838924,0.5077651594875452,0.4996187607790841,0.5367759599865708,0.515425297065067,0.5107216812528024,0.5103103655653743,0.5334791068988385,0.5227421691268163,0.4938233176572662,0.500286334584091,0.51537532877459,0.5019731461398599,0.5150246780658709,0.5185342118660533,0.515750718695812,0.5189061444410141,0.5228139577636437,0.5086645273560683,0.4937704674775086,0.5075539019796542,0.5243705606100337,0.5353299749977823,0.5184064925979756,0.5112003795535777,0.5117789240840968,0.5378182254906911,0.5157702261153756,0.52445936447842,0.5217266751840788,0.5083051010071405,0.522981821327802,0.5284260467407287,0.5354733061178655,0.5035890887619258,0.5152371963308588,0.508195804117516,0.5144450444326844,0.5263105419969165,0.5168137925246378,0.5117964357877666,0.5089075555966056,0.5451924356473411,0.5224499237076405,0.4969720811380018,0.5060726697602279,0.516396527854534,0.5055074026383151,0.5053626672371004,0.5059936137535986,0.4998144822904991,0.4933453828839634,0.5329800792555709,0.5281076066308695,0.5014702471731249,0.5125993300335021,0.5247892080763533,0.5303012924110667,0.5197544224451668,0.4989573822653687,0.5118537276275262,0.4985451352956178,0.4899464192141032,0.5283590151186264,0.4806671327564917,0.5204588322128592,0.5052397498779538,0.5000471195310172,0.5021770402104944,0.4902435484969224,0.48541461728302204,0.5169997677321079,0.4976555383732647,0.5286288992838428,0.514429128944394,0.4905504854895457,0.5175700956811976,0.4928330760614753,0.5170447066971299,0.5194596286497156,0.5298342933738049,0.5239549196227485,0.5273204879164972,0.521093970447655,0.514143836438428,0.4871474654333997,0.5410010177026682,0.5225687226971031,0.5242839935262394,0.5009303900126797,0.5234595269093741,0.5212955084986011,0.4996594594583311,0.5226173221868842,0.5335359160893465,0.5114847674825733,0.5287197050901388,0.5059925873943311,0.4990931108161915,0.5412081184292065,0.5193624403636206,0.506638304840199,0.5020122183990072,0.5157657057194895,0.5319847242709331,0.5239722715032932,0.5275675316137249,0.5169465408629963,0.4971901670339648,0.5026721630411786,0.5126598685192907,0.5082016145299034,0.5129528748725248,0.5314060037484865,0.5220486154426293,0.5111211501329965,0.5056710141497767,0.5128044310858366,0.5403720066724877,0.5172304412230201,0.5343445485755679,0.4974904931524887,0.5070369094451086,0.4953080589657107,0.511861614110809,0.5048194804072453,0.5131685199650162,0.4936251612196619,0.5189724779309448,0.5075928198758364,0.517018897864085,0.5141845219962364,0.5369315445664854,0.5112892303102553,0.5105928507660586,0.5003069506557842,0.5221022173816121,0.5142664892819017,0.5306021678200208,0.5252186904316771,0.5150240390362207,0.5204618177041823,0.5240046106614459,0.5207882098140661,0.5198726408628352,0.5189541536412134,0.5031714431542255,0.5208417272217549,0.4955814792743633,0.4993664990839557,0.4910112888372593,0.5500164180255751,0.514299107328139,0.5120994544501155,0.4871180198060652,0.50481649947304,0.5001534833222562,0.4994246614960124,0.5465627399468214,0.5136230712211813,0.5586481669847831,0.5184511882860179,0.5190605413872086,0.5230707334035501,0.4944020648278557,0.5093797696641861,0.5319679752823104,0.5102198858635175,0.5330685873400206,0.5284607858836197,0.4925195662136614,0.5026034333507057,0.4961440916245021,0.5039039659154678,0.5073365518441212,0.4869003064737013,0.5250185209053504,0.5462812416697155,0.5150415172929016,0.4870346125590782,0.5107010978864035,0.4914337622122647,0.5416418016257599,0.5441883888727934,0.5018623902279177,0.5301939825845674,0.5171110610957176,0.5015877651298829,0.5149532616716449,0.4949821484291322,0.522824975733328,0.5207253643066273,0.5206781007684766,0.5287476383214388,0.5162713348038052,0.4947347303697896,0.5233483515572886,0.5270888217328873,0.5203381226172399,0.4971243120287874,0.5223524638851339,0.5200553438741498,0.5218432417752122,0.5111325574973206,0.5098790922299108,0.5133014288009725,0.5098610284744101,0.5014486478222145,0.5050016927381091,0.5092632280981344,0.5246719874932543,0.5084233755191571,0.5354900954122963,0.5079443054500087,0.4893196806085144,0.5162681806833824,0.5193687195731084,0.5307386279030957,0.5090381846894995,0.5105144502227129,0.5066739828607875,0.5293067176667354,0.5055539085511042,0.5139885358165703,0.5162651968099835,0.5046069973189138,0.5008282530812586,0.5037229567489896,0.5080807819905776,0.5184511810421734,0.5186794597497435,0.5034901608192879,0.5221980265181642,0.5410111762864194,0.5117790207298405,0.5200802173822777,0.5287593404753131,0.513278571675022,0.5083372614917788,0.5093969676709841,0.4983835843454848,0.5144409934969997,0.5219379001691781,0.5255073890693365,0.5091366888614312,0.5251436862893639,0.5223800131672021,0.4937228494973854,0.5259148641581131,0.5026538078581948,0.5145203396330136,0.5108308282346941,0.5060792532886682,0.5321397499262152
2007-08-29,0.5338846800742341,0.5017570111596221,0.4933257879023173,0.493191410344728,0.4825044626056849,0.5065923504664195,0.4957792879157588,0.5126759649141646,0.5086253966078157,0.4984014868078746,0.4708315866098475,0.5153632360466152,0.4948965318034083,0.49413762781940507,0.5076438118020848,0.5054791207739083,0.4968176148324237,0.4935668011696937,0.5044688753933093,0.4873102772931059,0.5081587281269818,0.494063113216247,0.4664874011262837,0.5123391344593382,0.49439594861123504,0.5227171646743702,0.4848705219590543,0.4909557869766998,0.4869715759144652,0.5184569442575775,0.4851573732816617,0.5159144221088807,0.5030119722814572,0.4798070717557863,0.5002915670958908,0.5380255931692429,0.5284019027480914,0.4957073361861086,0.4909452102651957,0.5032484683599624,0.5363064404696452,0.4910656612161888,0.5008148208750548,0.5074141020985484,0.5125049221897561,0.5068285061832204,0.4961991652228245,0.4944294013104996,0.5151463007232207,0.4957689326390513,0.490321169781935,0.4980572753895901,0.5223461628105578,0.5139666558791611,0.4662734311633446,0.495265382816774,0.5208257253598659,0.4873660338273891,0.4942884992162245,0.502262952427431,0.4791095699273875,0.5087226501970165,0.5061221007438019,0.4900293929433271,0.496254439254741,0.4801965946208846,0.4948692619410806,0.5120041196012869,0.4897619113193227,0.4942749641675706,0.5243993227948369,0.5006880566606738,0.5125737592369032,0.4891804062779175,0.5092446132886784,0.4939362406255522,0.5039639639868879,0.5045493460714938,0.5195116691941283,0.5064087782545666,0.484495401300122,0.4807900010585517,0.5045766456037788,0.507400893641986,0.5047725993541265,0.5216607763189082,0.5000598026863571,0.4953921594899299,0.5286629614648946,0.4934952780484744,0.5117390669440405,0.4980592256665294,0.5051434217753288,0.4813934758559005,0.4875991363570564,0.4952755349251332,0.5007261257621567,0.5238143177082029,0.5006942786265552,0.4916650795408568,0.4803180890821881,0.504309561349526,0.4878839528144496,0.5173420246378603,0.5052009636818245,0.5135564219102821,0.5000685397592236,0.5274801518789137,0.4828737925228809,0.4898611644667418,0.4967759374281256,0.5047665462535695,0.5067041993721388,0.5224657854816717,0.5068682322613245,0.5004659057982976,0.4818659167507424,0.4858302585924194,0.4894708048140962,0.5257942671540783,0.4856524929137159,0.5034606416560622,0.515119147816538,0.4770798990054398,0.5104563941035616,0.4961187652078656,0.4949582570558215,0.503271748544725,0.508910416074018,0.4888612344896942,0.5092045392926534,0.4935747425170162,0.5096107379228346,0.4906403478883212,0.5012726692982525,0.4996150688954483,0.4830659962862574,0.4790038784179238,0.5062976671468072,0.508204078828802,0.5143712597666522,0.5026272529850971,0.5150917131532212,0.5193510200767281,0.4795027721559909,0.4852475325546497,0.5257621385937361,0.4881699216000797,0.5116388620558479,0.490847998560121,0.4972193449097123,0.5288756390621394,0.5162787302980034,0.5087440205485543,0.5007055929491753,0.4882012163441937,0.522527266083935,0.5158980344477374,0.4986782218144365,0.5121008174168455,0.4623830644543251,0.4695020507591772,0.4999345431638362,0.5205805922875212,0.4671799200218316,0.4576418964552256,0.5063835058283894,0.5183101614174553,0.5123823381932829,0.4912302676313629,0.48245583545706605,0.494307797122923,0.486448594814975,0.5207974239457664,0.4970793399604477,0.48677036850894606,0.4994958355403854,0.4980572753895901,0.4712622432613518,0.5093660334071018,0.5047021998380283,0.4978451009942153,0.5169204825876852,0.5101713525519911,0.5114894554603222,0.5055058715565905,0.4854269919014098,0.5105192167291498,0.4944713679912341,0.5093080740056161,0.5033258954782465,0.49998565481886104,0.5017599396516332,0.5148189874776978,0.5269320871864445,0.526204138750965,0.5170640623780218,0.5201676629385772,0.4979039929061954,0.5097150536261689,0.4926407145108922,0.4869985792734537,0.4961778559743405,0.4994758222505469,0.4884188880411385,0.4976091379279306,0.4981392309790711,0.4917172037745196,0.4962778570525275,0.5110241065086129,0.5020173015757287,0.4976243181777555,0.5131756097903721,0.5099671082953985,0.4882877440668512,0.505498022865296,0.4968947311384647,0.489953040998934,0.5026870566681932,0.4705615143508596,0.5021219291736312,0.5358553513129213,0.5057766016571783,0.4810101138870157,0.4934397280881409,0.5354129694202553,0.5128624903876707,0.5004044205763959,0.5038922669925238,0.516208527499868,0.4865880441314023,0.4840058840683234,0.4886922292016714,0.5084961959018797,0.4799774670055537,0.4785643722379601,0.5016193866347114,0.5260338882234332,0.4975639576583509,0.5011683810787138,0.481764409960895,0.4589738238384504,0.4964409401598207,0.4914594297053043,0.5047237615799819,0.5019919009267754,0.4953507193609447,0.4930071918657594,0.5107050224661163,0.5001210890196399,0.498974742530339,0.5294681363261114,0.4981375306705218,0.4907191600301133,0.4819568927223189,0.5075864688607608,0.4971497675022309,0.5034070589388188,0.5121532319168454,0.5081017036522916,0.4743227305063566,0.501292100764237,0.5020445465859498,0.4980702064184516,0.5258305042472275,0.5038070331219717,0.5160680114195672,0.4814326668835364,0.4936321752933823,0.4950848800013702,0.5124204919387702,0.5075581177540205,0.5053171698914458,0.491922780269469,0.5042238031919486,0.5086277144915266,0.5125612806694928,0.5108421170624472,0.5138348972226396,0.5070439056789466,0.4960781858419384,0.4992183061693342,0.4898843577166178,0.4943256624330972,0.505057839220946,0.4929884642674687,0.5110093045873052,0.4929469326738792,0.4974652865507568,0.4961145766966536,0.4990922919967937,0.5140367633820306,0.4975727738843466,0.5228828316982944,0.5006293483722551,0.4871785277955464,0.5189073652090527,0.5002167295090488,0.4850153994104864,0.5208154078501989,0.5137633630675955,0.5127875743161427,0.4963637704391008,0.5136335547439318,0.4963694816678498,0.4931002684204402,0.4815830159248967,0.4928478046598949,0.4878435909407737,0.5093717183292485,0.4769682054814799,0.5040274226119462,0.4823047620074961,0.5139982953999541,0.5215090518554978,0.5345803355548804,0.4736586071522085,0.4951230264233835,0.5021284725281011,0.4945074181137866,0.4968011917887928,0.4902452008028349,0.4943128084974391,0.4889246535568592,0.4851067438779552,0.4973866822234056,0.4921391061366682,0.5376892383858298,0.5084468124086097,0.4974198986855834,0.5063866959628798,0.489739468159009,0.520751593684151,0.5162530954521004,0.4687756759289394,0.4924324584113361,0.5031212246750111,0.5173737814844986,0.4849355151897883,0.5177166150898522,0.5036528305793341,0.4865361777787623,0.4985377612727964,0.4806291613837452,0.5135544801979786,0.5273412059168279,0.5071157793014273,0.5167862329478993,0.5080586679371509,0.5125985930386112,0.5011994058021547,0.4833162116521909,0.486846570508628,0.4918508538432496,0.5072620617414249,0.5180126406964016,0.5224375243221584,0.5177636783978513,0.4927770923961106,0.5198058956044543,0.4926639753284666,0.4961701315838711,0.4959226774235974,0.5075567705399775,0.5172619620275557
2007-08-30,0.5052654232358135,0.4997244003616138,0.4782581385450401,0.5001456747065491,0.5153879017169753,0.49980347654818696,0.4998968395548649,0.5151360507936059,0.5092718670740516,0.4910312816596781,0.4907554254206698,0.5040305924104242,0.4986636322165889,0.4926663279448714,0.4919100233152478,0.4907722005041071,0.4835783213144166,0.5415235121595146,0.5116587821437129,0.5061371097812927,0.4903879653845329,0.4842593687595005,0.4919663946229932,0.4839553495526233,0.5017438583006164,0.5038189651456221,0.4958163542274332,0.4907816934371433,0.4892892455480619,0.4997920733736588,0.4994438555745269,0.5117366925845155,0.5046692774900212,0.4794435854050558,0.4821710251307313,0.5027875194869463,0.5096364768102111,0.4879764733860573,0.4786364176372318,0.4727781219650448,0.5186229041224956,0.5189032586806921,0.4874571941163501,0.4932362252626802,0.5194881844156035,0.5023776040910148,0.4949059637496596,0.4933880434305597,0.5106255197193892,0.495835212677745,0.5230309141902182,0.5114745842658885,0.4920197052498644,0.4951626754566086,0.4874955591765101,0.5039844313058011,0.5093963580160895,0.5023905253710392,0.5028178608980949,0.4885435521171565,0.4795210596794357,0.5013062660030279,0.5041711915540228,0.4819481005157754,0.5021069109224605,0.489945333513429,0.517438678170567,0.4925572914201061,0.5042437646491239,0.5381121767641824,0.4867978396759599,0.4920640818026689,0.4964410356675466,0.4743390241225322,0.5023615356739802,0.4927582839798446,0.5049900976800324,0.5018742598127519,0.5044986683202467,0.5108225903911211,0.5111711061251182,0.4839697470178516,0.5084433351972109,0.4999983057735421,0.4933424187820543,0.4909643578644946,0.4927802071886351,0.499537038636391,0.5051653478224676,0.5123755090439788,0.5026110948589811,0.5229856754976352,0.5195595461618654,0.4990284627995855,0.5126186850024647,0.4951704470189405,0.5070436632446024,0.4880103017292345,0.4849309214218185,0.4843492417314722,0.508502652386104,0.4975031193224254,0.5040774516954111,0.495715210783852,0.4996287290055607,0.4846501937143259,0.4975684988365897,0.5082554977658533,0.483573727308323,0.5082435582715852,0.4913702179409076,0.5288605201055294,0.5177920210537457,0.4864628477436559,0.4968222255614886,0.5068810187141315,0.4901265453553086,0.4988521116915424,0.5160211757280657,0.5300744824456736,0.5071047743597042,0.49950920353037603,0.516946219601755,0.5076247353890829,0.498884573146298,0.5071700927930556,0.4973562380075561,0.4955307831214016,0.4865487437924814,0.4948700494038004,0.4963598333312351,0.5066067447152969,0.5088551119900449,0.5347201572904622,0.5162714185524752,0.5066382073207503,0.4983075339391582,0.5075694257449689,0.4961007443080034,0.4814303974765857,0.5150053993405596,0.5325095405945044,0.5104126881107752,0.5173059507982114,0.4724592695784573,0.5044044484566127,0.5083041144262697,0.4913948732718674,0.5095890243304293,0.5018769102573569,0.5065354623119729,0.5094210457035954,0.5074584379008867,0.4925747757459566,0.4942478044419309,0.49652895335941205,0.4919479210938124,0.4966560415310957,0.4968008118021389,0.5066681267722679,0.5124317771153216,0.4875810942355898,0.4933419402480295,0.4833929259653728,0.5051549231827765,0.4974291042326843,0.4908617812127589,0.4824049680242152,0.5042288160238733,0.4887296869836991,0.4872884680307967,0.4876352400708577,0.4801236944130674,0.5046319120765715,0.485135376690532,0.5200086051426628,0.4845731100685558,0.5114745842658885,0.4737759969555438,0.5103664680525811,0.4872451234013193,0.4964800963224471,0.4974797006882378,0.4816505783970994,0.4820923909096772,0.5123469665570705,0.4931423653942138,0.4951553774516667,0.49390122081723203,0.5020261206689053,0.5013138076749551,0.5027377478406454,0.5223963516255395,0.4864564891574792,0.503950008848169,0.5051960205567316,0.4901380227870082,0.5082202927636189,0.5024377769063686,0.5171121521366452,0.5073415403971125,0.5095068853749039,0.4991271561953434,0.5026886613461948,0.4879622303681346,0.4869747281613393,0.5114099189940524,0.5135085964932556,0.498785424988091,0.4793989059512941,0.4920532064514361,0.5173054464465973,0.48612032670241795,0.4894298508708224,0.5163299196748556,0.5204107252771538,0.5010360525770033,0.486323436052556,0.4930540805879386,0.5052899741661542,0.4921393393427021,0.5090188497557594,0.4970253446811847,0.4945894632289861,0.4963259960631888,0.4804147787568807,0.4994803144148434,0.494260550312019,0.5024391416834854,0.4997146249979919,0.4883011514415745,0.4958192120840124,0.4963060362788236,0.4999708675120951,0.4627610013370718,0.521359252589178,0.5022249689133205,0.4988688610321978,0.4939640306049032,0.4966675462289117,0.4677200412268922,0.496090471562104,0.5038360785119056,0.4870614061535453,0.5022912199810136,0.4920111472020003,0.5023801689755394,0.4909770437393974,0.4900560628098779,0.4857961084866663,0.4874832258556384,0.4989302065656132,0.5119821097242716,0.5042497630590984,0.5077800402036404,0.4879822538755157,0.5158797251069696,0.4968532194877601,0.5135909632563199,0.5229179908800805,0.5196845258564051,0.5261730668658067,0.4981712392144244,0.5168114708286013,0.5343157300332975,0.5010709081079577,0.4961270413284728,0.512529447758281,0.4920731454091829,0.5063838779875915,0.4987297969595846,0.5123872610581537,0.5102701840590861,0.4971482032434283,0.5023663968939208,0.4876041996437581,0.5164019529513982,0.5115199738621206,0.5140845534513243,0.4997376052504784,0.4911870702648428,0.5111361130129352,0.5098840588828789,0.4955475736481743,0.4916274323712691,0.5157347374052587,0.4929935437905441,0.5099453604885655,0.4946999715669938,0.5099374722347584,0.5025033509302702,0.4923488707868475,0.4984484857747923,0.5069357287039788,0.5241117430659639,0.5008099838096377,0.5073408093259231,0.5151219930497478,0.4778168356959632,0.5342865348490999,0.5039848325694409,0.5027326370733601,0.5149225501591799,0.5207782407450848,0.5113754743559171,0.5010504056978062,0.4798371085366529,0.528108110791327,0.5042340699823111,0.5098872007359986,0.492659459990159,0.5127672954577791,0.5069222573439749,0.4960440784480898,0.5043875724746583,0.5137593187436186,0.4924997830223118,0.4973902352290202,0.5313572083238594,0.4888891237424036,0.4846337850919476,0.5040402641906012,0.4852233691155951,0.5053202558814239,0.496185095742748,0.4924182670231041,0.5041165713568426,0.5008764565378344,0.45615618618678005,0.4993333379213788,0.4895807317519785,0.5067033408335816,0.5282192010439283,0.5012579232398967,0.4817807179355421,0.5015495379747527,0.4905694518450989,0.4993763967163041,0.4946292702884475,0.4733814857300993,0.5178757377581417,0.5069952456153677,0.5075519801033941,0.5081066915100246,0.5050721436984406,0.5172144410343367,0.4844858110523441,0.5118543335459842,0.5051959561522138,0.4834119798529939,0.4954256680469864,0.5025204807674686,0.4822855662586253,0.4910424882752858,0.5153662233120236,0.4816859473004297,0.5116235170634379,0.5207617779406158,0.4969499999922582,0.4971997887575456,0.5075754220407911,0.5080146840815405,0.4886458353608175,0.5122688782564839,0.5192377023663014
2007-08-31,0.4948724013461111,0.5218713977176317,0.4868066370834384,0.495512862746236,0.5016708769053279,0.4931038541800062,0.490873739247122,0.4889456808091893,0.4834133536799253,0.4867151753704145,0.4842685934674405,0.486334826431885,0.4797193056276391,0.507013000622349,0.5018662612117817,0.5163981862329154,0.4782902774296445,0.5136386973715357,0.4909878870765597,0.4953407187283007,0.48169177909696104,0.4647231400972658,0.5262298905593116,0.4980706616910766,0.4784951247447088,0.4894574022139003,0.4968947969287062,0.5056333793252803,0.4819832315934843,0.4991948220700328,0.5017532884249827,0.4876093871657971,0.4877757705992069,0.4770476790218001,0.4819220994389176,0.5077379387199119,0.4629731090847064,0.4857579500371882,0.4984879536215357,0.4941035245665411,0.5161085587980183,0.5004956188577746,0.4826201754072129,0.5083285772297393,0.4915099539142561,0.5035185055244362,0.4790675885396306,0.4901080222939925,0.4909632699646981,0.4957925158421527,0.4862557126781928,0.4988198824620818,0.4678085458229945,0.4985416679601044,0.4946954822963728,0.4757286452924408,0.5009575278640144,0.4959866799675568,0.4976739580086298,0.46612605565859494,0.4904534890009158,0.4912390059370812,0.4977569842280592,0.4959562991047766,0.4827395055015016,0.4829614475683824,0.4955604070668319,0.4957616089038578,0.4833961572617093,0.5029753628467228,0.4939322534564356,0.4795368299316357,0.5100968844489071,0.4774114257885483,0.4841311654677828,0.490427200891188,0.4909310190467545,0.4982000445331315,0.4969212070838909,0.4815449637577798,0.4901562916189657,0.4946610779741017,0.4716487151408798,0.5100817362991109,0.4891169070291732,0.4846264944350383,0.477771231738999,0.4804629155905278,0.5012765646545988,0.5051942641991557,0.49378458997993,0.5293112197525106,0.4913573216462745,0.4896143685821015,0.4780505898189881,0.5039444699458163,0.4954027811423094,0.502303614017819,0.4789780677060746,0.48639958191432,0.4895446722402877,0.5044434043905256,0.4895794510539309,0.4949673880892548,0.5186941405411736,0.4965379873030599,0.4752291415046722,0.4976674500927085,0.4792995412015249,0.4823807497557194,0.4874617487750189,0.5145021194405366,0.4781720950099732,0.4878336531444594,0.4648758809931951,0.4785717404941725,0.4954659299431076,0.4793995090957153,0.4825472666638341,0.5112429900849749,0.4964316847156786,0.4898058659410415,0.5024481868681996,0.4974364910449003,0.4839914789960066,0.4954887395699119,0.4989073043690884,0.4881861583327144,0.4764540166843039,0.4918270453898465,0.4536269425921233,0.4998917558188652,0.4875758391492137,0.5001356346214473,0.4705194475161565,0.5027268013933515,0.4938463332202224,0.4946407687037718,0.4967876101405304,0.4933334905375534,0.4756891968773106,0.491477279778412,0.4926002434259661,0.4960032707879482,0.4802774118524238,0.483405152051105,0.5007554372675947,0.472479999469793,0.5047392361560041,0.4936754016602941,0.4982039718849877,0.4868259341729346,0.4924622860037085,0.4949795640655967,0.4917091007062958,0.4920298008090351,0.5048765312429488,0.4868323504321886,0.4939406883507263,0.5093317422496766,0.4870616517046437,0.4888340123104489,0.49512165729725205,0.5036649591135177,0.4710419407627819,0.5043571370116325,0.4857219307242971,0.485844893790243,0.4629009980157531,0.524063163689896,0.4706657730783398,0.4737261127268455,0.4900860510529325,0.4899420495151196,0.4683886322815468,0.5066711757225347,0.4919212204000627,0.4988198824620818,0.4927074358553084,0.5076941623258189,0.4602628065320383,0.4671897807119093,0.4842379797286368,0.4876657666199125,0.4674042099321788,0.4904691484504302,0.4859488452200666,0.4834275418812474,0.4919208672303991,0.5053577418431185,0.4832338835747814,0.5013484100522391,0.4670611332074442,0.4947503356627117,0.4887082490756748,0.4717118808865108,0.4877139611054538,0.4760107040461306,0.4825246573074747,0.4905436184680928,0.5074196953086727,0.5090717798039102,0.4983644191755555,0.4898227049817152,0.4877189980217392,0.4870605834478306,0.4980348260002112,0.4917969084239362,0.4778792072705873,0.4986392291390516,0.5015638685174978,0.4980484266544921,0.4969875019917358,0.4939077973553151,0.4819336263336497,0.4902609108307991,0.4955761943336031,0.4636022329842577,0.5150154763453828,0.5323622668871376,0.4998121039000858,0.4987985705839431,0.4907421727271698,0.4905811981085663,0.4846295776994723,0.4704273016938421,0.4867756446498334,0.497577487451026,0.5039335672194304,0.4896210473935644,0.4974610084496936,0.4791458315379432,0.4791771943004985,0.4962922731631078,0.4996321939730226,0.4906495997853622,0.4883101271079305,0.4914816789231238,0.4892378592692871,0.4932637385111711,0.4875481973937421,0.5063073221661711,0.5216205741270865,0.488200534186732,0.5011622153825032,0.4972417240865391,0.4838007154904808,0.474704322885571,0.4893054911914687,0.4725694085424354,0.4948121014854278,0.4898591793287781,0.5069943191608536,0.4835000991233466,0.5044078491370472,0.475084808996346,0.5007430503022587,0.4987941418373245,0.488783608314539,0.4955188015751632,0.4988701941811231,0.4927928649706929,0.498224163279641,0.4804788988567926,0.4911387983168282,0.4554706662118213,0.471392648475404,0.4891375378177835,0.4794270034361043,0.5166193549619864,0.4610448140469117,0.5245160849840623,0.5082360176746699,0.4577670354161534,0.452450604400006,0.4673891483885114,0.4910245221683959,0.4858800918807951,0.5086352482193018,0.4877010425781042,0.5033031940830976,0.5040619810571993,0.4930999717408289,0.4878982555528304,0.4883034665337518,0.497940242437511,0.5103866668835104,0.4837906211875083,0.4780629334471573,0.5029211616438338,0.4934657137384086,0.4959341837358732,0.489272376347869,0.4843010170035762,0.4886330248456252,0.4788961597517467,0.4931166242363399,0.4510269857783438,0.4723440520029747,0.4750765947145558,0.4904775184866797,0.4908103035814697,0.4830845974566874,0.4951067819803805,0.4835511453412034,0.4823688300687569,0.4790889046501668,0.4921717054751208,0.4685587190584974,0.4947445574770659,0.4985881300985762,0.5118798805280736,0.5002845629443032,0.5013492418089585,0.4905932530348897,0.4856321550385522,0.4758550034334152,0.4920620147200763,0.5037136940811259,0.4906627855407741,0.4786169232773749,0.5089334924071778,0.5018458934116558,0.5031704376589333,0.5008064321363774,0.4978990302956274,0.4861801507271075,0.4898661435789498,0.4792003400652913,0.4529620572493112,0.496093719217835,0.4796939548804362,0.4813276716662821,0.4980221080547666,0.4559754020644461,0.4613706408073158,0.4994095119774209,0.480438613721996,0.4992168261201232,0.4763744355855578,0.4852923807658644,0.4917198908264542,0.4784438233264611,0.522702850492446,0.4797705368297453,0.5186779869052139,0.5179244164232887,0.488262663377261,0.4879831509185563,0.4960513058988301,0.4869577910376354,0.4990136894414224,0.4777759879737192,0.4868535674929958,0.4813612376615794,0.4936200778141043,0.4793253060481576,0.4934362223536146,0.4938754322507758,0.4887958233313029,0.4488188252544209,0.4759857700369199,0.4834754539858683,0.497579401086173,0.4983301808958026
2007-09-04,0.4999410357106114,0.5060346924781327,0.4903059594869077,0.4895838226578542,0.4998891269128105,0.4980863891319908,0.5204258336065661,0.5033699875636307,0.5505725805998147,0.5221188727280215,0.495696863556352,0.5014022823426606,0.4877205249526842,0.4963674458894702,0.4995188372575338,0.4843418760274545,0.4985174367737586,0.5208251325010234,0.5362223947155798,0.4947841433243962,0.5383560761048183,0.5107994978913044,0.5180911619458622,0.5124372000979709,0.4880190304966282,0.5328129991126765,0.4900261006744776,0.5010388386926592,0.501404240434699,0.5179416160225536,0.5139499132427694,0.4901906476927636,0.4821969716355949,0.4891472553230206,0.5097496947841298,0.5194657375454129,0.5222868392179855,0.4909469918106171,0.5271860883240149,0.4989275453906617,0.5228033924249127,0.4856864534862832,0.4995218632382932,0.5124660854424989,0.5100257276561626,0.5092048977557723,0.5062718651538071,0.503277186556454,0.5036525880555363,0.4868735311399968,0.4956928161531774,0.5218630474572041,0.5406109674098267,0.4932647864471296,0.5065868175089432,0.4935692608659815,0.5176107102174242,0.5051380872503825,0.4949820952084034,0.4927631262433244,0.5133361400062142,0.5165215435727909,0.5103576738178611,0.5010868412320847,0.5145130254669518,0.4847206588663821,0.5070608782334,0.5095392995419786,0.5081713786987916,0.5292373943342489,0.505385546438272,0.5226564907088218,0.5054508007918063,0.4915184155483574,0.5057959449296198,0.5207346501139674,0.5000139439468314,0.4949740635157988,0.5062337780616681,0.4959342191834139,0.5117319484726733,0.5025346372384003,0.5403268728241473,0.5068816599375227,0.4833134657864411,0.4899927203277611,0.4867645503551048,0.484166372250911,0.5253741031484733,0.49671578977308506,0.5208494380565105,0.5411874751622657,0.5168765153791052,0.5020052090607771,0.5076593298140039,0.4975514697794018,0.5538300970233714,0.4956426463267901,0.5098694930567906,0.5027741552041156,0.5111688459169047,0.5176589500384786,0.4994673636053307,0.5245999058691151,0.5120894242352261,0.4913861603088344,0.5084976805320597,0.5030215255287326,0.5014203152201024,0.5341095160902761,0.5070310736977139,0.4990907592054497,0.5000447347519831,0.4958802467855514,0.5241144116122097,0.5072421545011149,0.4972240765511934,0.509498523402632,0.4881730598281725,0.5377720060226392,0.4986099398112288,0.4955910908736815,0.5429666907293464,0.4904885225467781,0.5106536138912394,0.511449633233213,0.5066019988834509,0.4991999139093087,0.4942216826713087,0.4766783851291192,0.4937665079725376,0.4948539290977781,0.4983574662157629,0.5241393622387684,0.5089789628908168,0.4914676818158911,0.4791876641141136,0.5020869818136869,0.5195605662524172,0.5233190054833967,0.4921002883797297,0.5270696363329457,0.5388330116940342,0.5000499546400466,0.5046183330516589,0.4900240366886364,0.5145911362508124,0.5033589934647226,0.5083705564714287,0.5028740424495897,0.5082545308661964,0.5275852416874728,0.5081134284251028,0.531653399164994,0.495937695222103,0.4962347638840514,0.4968913428508523,0.5139395981973994,0.4825951566049417,0.5052660817717943,0.5302003279529901,0.4963088160441816,0.4916951511543901,0.5381089731373107,0.5044114927043059,0.5002854547711311,0.5171140302507087,0.5000873413744886,0.4965866559293268,0.5002799535305781,0.5105732080139879,0.4968142845360036,0.4927182973750775,0.4916220495884848,0.5056673479064451,0.4923692615360577,0.504728317210821,0.5218630474572041,0.5010796737069144,0.5028128106283758,0.5069274291187598,0.4972570340918023,0.5135325083878657,0.5139899030404834,0.4993126222873263,0.5007271503527196,0.5179159622788163,0.5006639031258332,0.5007850157755039,0.516537975610199,0.5228757530147451,0.5224330020525434,0.5175151742681998,0.5275190923098025,0.5050173322893586,0.5106901606845202,0.4807475389512698,0.5093346770857367,0.494189416102591,0.5118275300977599,0.5114836274860151,0.5015623555987723,0.4979113638137709,0.4983031675109493,0.5069847445773349,0.4936000833131884,0.4908537748539238,0.5166105130768281,0.5069474577148273,0.5235083323577688,0.5312606625309874,0.5203740440031112,0.4903844426831919,0.5052459250704856,0.5134143997937912,0.5109267665689164,0.4898544466732837,0.4920498611289936,0.5212593729591154,0.5276281686167057,0.486063628313729,0.5380904393204651,0.5265768486204909,0.5035978390492623,0.5312682833992891,0.5148181727232757,0.4967904791001246,0.4874102423487566,0.5228700029236765,0.5161680176413247,0.5009588404425745,0.535915517985006,0.4973665588969987,0.5170118605708317,0.5248219298406401,0.5182027302899556,0.4731542065659104,0.5096733429009321,0.4829116878569487,0.5033193569510357,0.4858088162471056,0.4913767609259496,0.5043575304096546,0.5125936066161176,0.5160455935648628,0.5112042644455003,0.5015249785737256,0.5040909546208772,0.4987409709797897,0.4928605630193549,0.4974744579279692,0.5363808493769163,0.5134908920645298,0.5114941781383033,0.5257619157973169,0.5069390558189023,0.5144101730933655,0.5022687948181097,0.5375190978533019,0.478872880613713,0.502056851842092,0.5233989169559154,0.5020422427886885,0.5006118540157392,0.5274572198805489,0.4885556884918281,0.5215049519013697,0.4946923294216258,0.4899557286872474,0.4970461970548889,0.5219559862286298,0.5326041894807916,0.5104830587367756,0.5187982097677507,0.520369024746219,0.5130467102342351,0.4914008889349485,0.5133526777830135,0.5090740808359396,0.5050898436137616,0.4987183408575395,0.5041438953788281,0.5005111152617581,0.4890175968500425,0.4892622815268054,0.5042663555121972,0.49613305616812897,0.5111750968250823,0.5236721564743916,0.5303134706712072,0.4980854462822472,0.4924741294278018,0.4920954039750035,0.497479029232358,0.4910966086791954,0.4879447292736254,0.5291246600160467,0.5249077744982906,0.5071117437770565,0.5210449749525629,0.4949555352151762,0.4991404279092816,0.505568619468856,0.5072424181338487,0.516863226426989,0.5154430109528401,0.4843257330725842,0.5037606415458461,0.4981305064983218,0.508299534790883,0.5173983221535319,0.5407144904181084,0.519368920105346,0.5265134226972689,0.4973261294026702,0.5025006663662546,0.4848095739974877,0.5291204219682362,0.535512234051964,0.4985909708046419,0.4918630656735527,0.5090734927439933,0.5054686692249689,0.5180390734723825,0.514219121155448,0.5082162977039559,0.4884516104661461,0.5115022037991741,0.4790354749466786,0.4785178245626793,0.5227569777697502,0.5298573694103965,0.5287921062930621,0.5109571696533587,0.4977275643680166,0.505329375299285,0.4976324605024081,0.5209026703426467,0.5028731275146189,0.534261831921053,0.5164188614697454,0.4872853214676494,0.5091611965063617,0.5067776858511307,0.5351497762742773,0.5247065805669083,0.5320399055741418,0.5313224277216685,0.5127674470683666,0.5041541843919706,0.5506046399625676,0.492033931464449,0.4934448896984847,0.5409922389053355,0.4824929257713098,0.5031947431430763,0.5127341866891386,0.5270765639645896,0.4831821395009307,0.5107264802480318,0.4879251667430762,0.502187608629556,0.4968934833909587,0.5094035531095249,0.5184462378537269
2007-09-05,0.5060677370642729,0.5238546834722929,0.5237506178890348,0.5307896604124931,0.5178272294849162,0.5230455065624485,0.5092065070258951,0.5191623685894685,0.5303863327452706,0.5090939548539073,0.5228920570772079,0.4964690304249853,0.497089983167517,0.4986633350268256,0.525173730905692,0.5380783466179522,0.5111811086144615,0.5009001421295727,0.5065564933368301,0.4817053624171787,0.4890235237546989,0.5126975278714815,0.5111003646183256,0.4789257262165141,0.5147643865707549,0.5040784557575145,0.5011287126714341,0.5244451629614779,0.5099424136878759,0.5012487399387444,0.521930385321153,0.5193315977985691,0.5059804056426163,0.4874748635848749,0.5163353056796068,0.534211119261029,0.5411982713424449,0.4951004008360149,0.5130603441400964,0.5197523598039039,0.5211868433257043,0.5386156791486315,0.5072967165297351,0.5096836087674671,0.5161569638199756,0.5083451826229727,0.5010127142314903,0.5085772724290567,0.5113522906166664,0.5081904078055703,0.5169523099646428,0.5234947162675353,0.5320828194249605,0.4981840835133674,0.4947995133235011,0.503571876561531,0.510288513245749,0.4985480008566839,0.5346730566236975,0.5210358595170577,0.4774817630379658,0.4915565616875958,0.5086371777234713,0.5183237100952567,0.4896106935047019,0.5005404692737905,0.5034741555580438,0.5136254266557231,0.4905981438383406,0.5330416782858156,0.5199150222726181,0.5040476690437553,0.5021780248953094,0.4969453274513788,0.50686953182637,0.5101738903691078,0.4955357966129134,0.5073677888683426,0.5220776396774381,0.5300950805321144,0.4983714066022584,0.5130332170737076,0.4917949413820253,0.5080296841370545,0.5225966681621983,0.50773407477522,0.5083979794717018,0.5100820405867749,0.5032121619274433,0.5138668966303832,0.5005263960761622,0.5111757328892078,0.5240308086802459,0.5261296016444968,0.5015886140695723,0.5162015932670958,0.512199743875993,0.5021065099982225,0.5027294942555379,0.5030142858747982,0.5212461011460864,0.5163516811211294,0.5097593176990879,0.5094498085763626,0.5278719233382468,0.5384468420165625,0.5099473903053859,0.5083335961949323,0.5105233408693848,0.5108595000439281,0.528992654935864,0.5022997411387208,0.4998921401019503,0.4960758736729451,0.5043925702881621,0.5299362329664441,0.5194887369345328,0.4990758759286229,0.5088054748059233,0.5017846271008737,0.4976363207453444,0.5031919370378614,0.5276764870081951,0.5078833171066895,0.5103885009290633,0.4930840487070463,0.5081025348161525,0.5033455486678747,0.5011202678087489,0.4824804279176684,0.4847641154407532,0.5288973551692087,0.5343372196628567,0.5099825286930761,0.5230779079012363,0.5229044985790389,0.4946843160089402,0.5163067539116521,0.5129061490254233,0.499262339291281,0.5099247889669615,0.5011977378686104,0.5291018422501311,0.5376867235488362,0.5020753995152039,0.5197749129733462,0.5151150522560914,0.5049772467074004,0.523924555288959,0.5031088046191505,0.4996799940839766,0.5174466560306193,0.5161898926066769,0.5041696106065827,0.5027869953077926,0.4986580321230165,0.4956038856297254,0.5136347859139225,0.4878810493049519,0.499376687621474,0.5120924676193708,0.4984386354949744,0.5081693223233218,0.5263247790492768,0.5006466603128666,0.5047803443201893,0.5122096397114676,0.5077358097228353,0.519969927274861,0.5092526950100879,0.4970672585552682,0.5280053029642893,0.5117545218952289,0.5168456141411424,0.5153706252174579,0.4881378576932303,0.4875625065354818,0.5234947162675353,0.5198105821037867,0.5188216373519453,0.5032453380728698,0.525992014348531,0.4945736749755053,0.4855866528048458,0.5041095991999276,0.5053224601358731,0.4978688000283031,0.502105535512907,0.5336782651012353,0.4980429087056317,0.5060362516948015,0.5020076159186007,0.5148611076843553,0.5222461378837132,0.5293801238732588,0.5121175535457233,0.4800517228879362,0.5170970476117827,0.514663927910732,0.4951108208444143,0.5009582439391079,0.500395083106951,0.5037629992829215,0.514384147467424,0.5185790772980603,0.5009173348278428,0.4874145623328282,0.4978607917360168,0.5171633407112104,0.5216014546401839,0.488028783098105,0.528068850741911,0.5125949080523761,0.5016214323148508,0.5281278449262776,0.5175223351450094,0.518322443480651,0.5162086769438706,0.5257802994318317,0.5233863439641551,0.503914921761524,0.5149548970065654,0.521023972864303,0.4958595855491757,0.515916631695322,0.5174470194205197,0.5055893204203142,0.5001000668710819,0.4907209416140622,0.5040438102925553,0.4961306060156101,0.5068175939657726,0.5294899643966888,0.5259090834050828,0.4958791956721088,0.5241928601565997,0.5294242732083814,0.5118871270807834,0.5036152200291367,0.5186272005105173,0.5241523319417971,0.5009720733675815,0.5190695475631479,0.5065820168315394,0.4993155691094781,0.5095382981982862,0.4973572932326294,0.5093824803341503,0.5103327816561454,0.5159464815263298,0.4928702896321302,0.5211160994213274,0.5088739742324884,0.5116468556322352,0.5167946497726411,0.5258145072441445,0.5071816135649799,0.499295088927068,0.5055985353379757,0.5066098308864975,0.5115557475990667,0.4968094820276027,0.5034332844025692,0.5064657681325154,0.5217741235794664,0.482027707143328,0.5076605129242473,0.505459526674814,0.4946019760487037,0.5157589199195278,0.5091782746947541,0.5051647456576207,0.5347699141770723,0.4997583105916862,0.5167230537003079,0.5010504016199461,0.5090304659124905,0.5174627998899113,0.4891022509949053,0.5110249242368288,0.50083645234095,0.521743432879091,0.5063224447637248,0.4840779629670596,0.5055629376056606,0.525495415952076,0.5140036951237232,0.5054394058035031,0.5126326292713813,0.5198008674670566,0.5037456922376914,0.5041983311136475,0.4946120573367542,0.509121142727494,0.4930180077310944,0.4839027480142244,0.5136706983652259,0.4633019395256672,0.5136135365099684,0.5181486266823938,0.4972213707001473,0.49829880972769497,0.5002218238603382,0.5016126366604161,0.5105043777729771,0.4969390199549622,0.48350723584332705,0.521512214153219,0.497871205178409,0.5121105095585736,0.4981840209383581,0.5240649441136981,0.5109654649982471,0.5072848204026229,0.5473252420165139,0.5143356733144495,0.5519528359349247,0.5010145083386409,0.4867688433453509,0.5021155778311449,0.5034215002151963,0.5031744971361828,0.5222375569078086,0.5183191184269788,0.5102745731185064,0.5085721124430586,0.5004103149444712,0.5134703151334398,0.5208346686414671,0.528527776357147,0.5060238238469551,0.5131167136500143,0.4997441573482145,0.4992074152576485,0.500666543009022,0.4962234059538085,0.4991577784582604,0.5062511109974125,0.5152882430906128,0.4915130856507438,0.5184444609891995,0.5020167482444874,0.5218705009536777,0.4909973357704983,0.520960285466493,0.5056233717972919,0.5024202818379839,0.5009949616368687,0.5198757260630783,0.5124262180557734,0.5119107078474782,0.5106220103765529,0.5105839568614466,0.4953500935774807,0.4981339468190595,0.5165326870933582,0.5322548701060343,0.4894620643225809,0.5112265057568256,0.5117022743945219,0.5034826699895446,0.4945430290205122,0.5026700895525932,0.5010788509239821,0.5204863637690142
2007-09-06,0.4890505788843249,0.4887897876477163,0.4947745741740345,0.4977642651628072,0.4927238856026106,0.4994715004471066,0.4774147964995191,0.4850792611823558,0.4950625314238563,0.4841408762452223,0.482036015609781,0.4838265012066013,0.4895013642954262,0.4894307081099391,0.4962764753506784,0.5186855638913412,0.491554684418397,0.4851303073085188,0.5126774785074825,0.4909960300695413,0.4814047905610277,0.4892390718163129,0.5103787739870048,0.4893222553235779,0.5012284393874589,0.4780731600311857,0.4827860904861831,0.5092773351894091,0.5013903134749745,0.4773823307164583,0.4924437282019609,0.4770147386901055,0.4870442398396403,0.4888307299019314,0.4935542215225338,0.4819195625453238,0.5003479059154645,0.4842575507060004,0.515935894832851,0.4920180249388572,0.4924211313968061,0.494575313613991,0.5019244868383227,0.4836909390532583,0.4801422836716877,0.4879083055426812,0.4879062103753552,0.5100523958324292,0.4878866815165095,0.4944519183621168,0.4944977863450237,0.4893043525982994,0.5011894690104577,0.4809413446325998,0.5077644852581744,0.4936890533773986,0.4853889406079582,0.4826818962752284,0.5067548029832579,0.49056167871553896,0.4900440020623259,0.483351307788655,0.4982722954542349,0.4750237022968339,0.4835163413999819,0.4813668858421362,0.4972467652378823,0.4855675914279903,0.5020468722414466,0.4608855788992343,0.4910955755208975,0.4653898468483392,0.4942406700735926,0.4827776171188764,0.4750139214256182,0.4843866718550149,0.4901203245641431,0.4643752627536994,0.4781340553176452,0.4980212049247141,0.4917722078170589,0.4735114025598705,0.4674628505152785,0.4870602643421326,0.4925091329116467,0.49119972503834797,0.4876437222982668,0.4916099503483674,0.480111395736889,0.517422611295575,0.5039137161232794,0.4888745341301009,0.5006344116313567,0.4917519324124779,0.4808738318700032,0.4916193952638981,0.4795948127030623,0.4894888822475672,0.490723474957333,0.4982764141428237,0.4883058042522561,0.4985692783857299,0.493379285846524,0.4843639742972496,0.505852777337253,0.4930239356810341,0.4747306868474154,0.4832151713334535,0.4969522898676719,0.4783452820027048,0.5161580667330015,0.4721680530208137,0.4642711608004832,0.4783036469477834,0.4847589019748617,0.4908047790136548,0.4928218460715365,0.4882230014634575,0.4921991358057053,0.482339813260101,0.5007078476208712,0.4885327181971133,0.4990774403189967,0.4708206249197821,0.4928095734551624,0.4885823645972606,0.4933516161007109,0.4921681894401889,0.4831298223465191,0.5032749483012156,0.4929704058122403,0.5078784913571359,0.473137405643743,0.4895131244823057,0.4808752118541633,0.5248226279949286,0.4643727303246813,0.4792595626916915,0.4992737225837502,0.4872489491305758,0.4808470286050149,0.4757179687577908,0.4910328121388522,0.4899165395325799,0.4962397334714908,0.49686028927882997,0.468570741528152,0.4923533230716137,0.5081474903066255,0.4808431878324018,0.4939241227243781,0.488812123448017,0.4912107262625207,0.4682871895050111,0.4931421787767697,0.49958889861023603,0.49794933663219304,0.4837456814290441,0.5243855196285845,0.4976324742876425,0.5066169716566353,0.4835941157897047,0.4879723687099613,0.494033881370685,0.4994083303844782,0.4957461612363177,0.4865245617782784,0.4960248479179478,0.4885924380642231,0.4947456101516206,0.47153713942832,0.5031269296001228,0.4765831243281039,0.4885300094278769,0.4831631744993231,0.495860284207189,0.4946675314566216,0.4893043525982994,0.5059164896473739,0.4906929734421831,0.4921559989917159,0.4941075041120459,0.4820274867124575,0.5031196565897129,0.4972166222632594,0.4898106343006898,0.5059857428475213,0.4731945568810436,0.4947646991461204,0.4943370818397242,0.4872460460408378,0.4989815402522113,0.483243446212046,0.4762757521393853,0.490030331517997,0.5015653780730107,0.491792279188003,0.4886993934192487,0.4740505140533231,0.461376309636446,0.4979396539704728,0.5018426713775084,0.4930237412998862,0.4843692828412838,0.4835544315983904,0.4765052184438919,0.4928901227623369,0.4998430996507174,0.4981956191075848,0.4778491578498688,0.5135360869736294,0.5078670934553489,0.4970977377555581,0.4769227612199493,0.4950353933569667,0.4944099522849673,0.500723064468785,0.4924018001364454,0.4972443361696463,0.4979439722528263,0.4942154346872782,0.4778766898845512,0.4994090269826539,0.4975326933797816,0.4999122356989517,0.4737926356499663,0.4941234347902805,0.4875891362055487,0.4876567604824146,0.475792045664229,0.4928586484608298,0.47563062335331296,0.4929540244289127,0.4979515862409781,0.4855338491097693,0.496745146891421,0.4993996626771319,0.4871744485220699,0.4875509390764941,0.4872420267184369,0.4784862676388753,0.497209830081549,0.4963782494226873,0.4683019436776194,0.4799943772097155,0.4665305839380826,0.4795336713741808,0.5018803209852241,0.4875119807796689,0.4950854535860651,0.4954822599036784,0.4776001804525309,0.4909800869563876,0.4904123504693891,0.5141431853840008,0.4958183539756083,0.4953594475486763,0.4950631313078012,0.514874346505693,0.5025037764802447,0.4996664573244416,0.4927013708887827,0.47727217263645894,0.5018850969780787,0.4940554006805944,0.4794423990774439,0.4845070260716867,0.4758795885116355,0.4920731770359818,0.4914086208182628,0.4832303170020011,0.4702361644753714,0.4752865805525539,0.4956853961208664,0.5004026923766512,0.4564355810076749,0.49537069728529404,0.4927596592414179,0.5103316654857,0.5024854286125772,0.4579290035477125,0.5033860807125126,0.49037030487890204,0.4873808559569431,0.4963779992332307,0.48772146758863,0.4888397332730174,0.4657780660755544,0.4993690927672317,0.4985426669194086,0.4799418396092968,0.4822821776711069,0.4947125610530898,0.4926507738429311,0.4886512439512883,0.4922363739384992,0.4827008187833562,0.4785776289785608,0.5050142655932698,0.4790486426214658,0.4969582771111591,0.4867826438657175,0.4861991665793826,0.4969465154758772,0.4902417480454752,0.4687780125188646,0.4870426558140137,0.4806514610763766,0.4982584687227416,0.4970683056681108,0.4762293088517955,0.4755617664430666,0.501026629762562,0.4982566908162417,0.4844547807763205,0.4848740572836474,0.4999653301720206,0.4996979808404409,0.4657345485066316,0.4997774944962852,0.4905606807237636,0.4916125121436411,0.4912252025765836,0.4966424716609965,0.4957308337751738,0.4912741127409652,0.482780274474686,0.4859378387564508,0.4999262068338243,0.4911100565840995,0.5044462505185867,0.498017095097253,0.4980478343442319,0.4789899067665884,0.4852481423380522,0.48702471119430796,0.4848883194013924,0.5015578572133408,0.4969392240262289,0.5006800805418323,0.5057084663931065,0.483151018469534,0.5001672549981289,0.490200088777703,0.4934849718588602,0.4800783577220726,0.4964055258665944,0.4902918355223754,0.4972985107671864,0.5030001180615357,0.4726146644944776,0.4992557133135059,0.4881091880759603,0.4954878125580757,0.4935186750636356,0.4681309079009191,0.4871445805164865,0.4797371453815744,0.4966370700300701,0.4942608579880309,0.4877599507503869,0.482287123937227,0.4934678986189439,0.5034595274537954,0.4825102978104139
2007-09-07,0.5163190848170882,0.5055109560737043,0.5148455473758161,0.4902425730287166,0.5185916323736862,0.5114068172136885,0.5224065307832634,0.5048476670429027,0.5270847646907137,0.5055904823974546,0.5112802103464772,0.503574456938209,0.4944433580773269,0.5244808804155043,0.523393861826097,0.4967383971367912,0.495857449413443,0.5136156032945695,0.5127877650501688,0.498463472307937,0.5224342346420392,0.502751713402217,0.5385346039712816,0.5174391381158926,0.5074239206786363,0.5192360538405512,0.4917408833894078,0.532769696252479,0.50309948494733,0.5332704762916466,0.5040097964877774,0.5058159696610238,0.4931196790611378,0.492000394889412,0.4882101763009618,0.5154950163577835,0.5179357868370349,0.4988269566529965,0.5273795355161083,0.5143428821833118,0.5201611181331061,0.5006484782640634,0.4989411706710174,0.5016841096802165,0.5214975318550171,0.528363976211927,0.5173094660446692,0.5170179759796664,0.4987852802074816,0.4989002034895984,0.5201344100120083,0.5040215625308869,0.5051582818249645,0.4943899436580797,0.4918341992996674,0.5061731921722089,0.5337598413843099,0.4979267541873234,0.5316664056762388,0.4882513785631993,0.5142715307358416,0.5293356772226228,0.5202788177779812,0.4982290140000477,0.5277694020453947,0.4964797864261002,0.5104587194132695,0.4932062572504346,0.5244026212188722,0.5062882496107707,0.4895836597218373,0.524246091561844,0.5231388547859681,0.5011734275501961,0.5350888441064282,0.5244102423735558,0.4910787347668732,0.5034574187613686,0.5205347505701259,0.5004792795827949,0.5089262762866686,0.5003662814387793,0.5068375309192436,0.5171902952716249,0.4979834096548029,0.5115901366912159,0.5058530618592971,0.5104910565283051,0.5061189579841935,0.5080406062908452,0.5248337389345106,0.5203771903313188,0.5057157357850445,0.4947252139471615,0.5273383386677629,0.4916723945216164,0.5171866781722829,0.5056478090412926,0.4908389660596858,0.5017331051960388,0.5172572534788739,0.5219944954355789,0.5092572040375999,0.495794432005134,0.5090516745132859,0.5072872426996677,0.5188063992427685,0.5278664156475744,0.5096298955823225,0.509115067191416,0.5167964837288104,0.5119813955336417,0.516181892814795,0.5171430778224752,0.4946136471276829,0.5250496551091712,0.5049328928329351,0.5176797525457077,0.4936285454937464,0.5418333570102327,0.5065258906488869,0.4923597223093153,0.5298048797067758,0.515441426016641,0.5075138405751982,0.5022310025413876,0.5163977324739114,0.5038681134163767,0.4938095063125344,0.5021127434916539,0.5122650798813609,0.5215901492354517,0.5346031475848819,0.503458547633527,0.5172484100248249,0.5270930314018402,0.5063352167837281,0.5192617492248951,0.5022243313072383,0.5136354579139387,0.5307027971803822,0.49950027484608,0.5091973791714691,0.5250644245072954,0.5183252540599627,0.4841495130252536,0.5109395504462843,0.4985526883407174,0.5083841265317185,0.4930679723761083,0.5282268198448876,0.5352547197898353,0.5048808997054023,0.5003584947203382,0.5184616932773051,0.5116321614466885,0.510882159050289,0.5209911543392086,0.5103463923695724,0.5094779450656817,0.5353136583700558,0.489462650320072,0.4942307442867845,0.4980509483843036,0.5072267093467551,0.5076818382351321,0.5047966843775595,0.5052438824285072,0.5287790143185154,0.5248412887094543,0.5210141338312829,0.5129051910418514,0.518874950738104,0.5225184918844281,0.5023780239570098,0.4722785681250453,0.5119706331306649,0.5040215625308869,0.5004306146575678,0.4882601497311376,0.503400712283491,0.5035916319283648,0.5051506978639692,0.531757133717981,0.4998093397819928,0.5052749170968978,0.5143396405732383,0.5041675058181392,0.49930550357746795,0.551915002538215,0.5157178938171131,0.4990709955866182,0.5284593147254216,0.5163544775380073,0.5011029391727739,0.4984108206776227,0.5055817517125655,0.5257880467641207,0.5044164464258919,0.5179523088908561,0.5081072241137986,0.5192050182441017,0.4949728601811129,0.5242323285632862,0.5015177369047459,0.51830313351457,0.5001708129064181,0.5255838596861281,0.498812837390332,0.5089543539551041,0.51184315232746,0.5293095499122187,0.5148732121964714,0.512652769454293,0.5159723736830767,0.5121391805211974,0.5044746067624741,0.5113220188170949,0.4968349884097617,0.5255897943859849,0.4940330008243317,0.5228558807106315,0.5160813851675097,0.5041221595896436,0.5012051986687533,0.5062192114676123,0.5110183067334962,0.4993504951589525,0.5141946198161962,0.518584583817729,0.4761442082246797,0.5287242477779656,0.50924285083277,0.5055542454627082,0.5298142885676692,0.4970237463691766,0.5184472072808965,0.5123591623495668,0.5039109428519899,0.4975645667227138,0.5088806061011624,0.5192722677410235,0.4922416785904742,0.4967301165201084,0.4900349129747773,0.5116482794102054,0.5056134738366617,0.4966413551058556,0.4937585002383964,0.5157520916777737,0.4993524168629636,0.5086787542430827,0.495567494447573,0.5359812833105776,0.5304648376233024,0.5051361145758797,0.5156696548214552,0.5115637044619584,0.5125566194249181,0.4935438712734029,0.5027682850997046,0.5050766007770502,0.4969577669250157,0.5147923264456545,0.5163652658473143,0.5152016382457338,0.4982441807070817,0.5235980895662996,0.4986665210522546,0.5474578249884503,0.5200102293758408,0.5124585055175327,0.5123611504444562,0.504685014748628,0.4974370360649398,0.4958634680209272,0.5046561707655384,0.5038881703181403,0.4992902153642815,0.5106820376117349,0.5074302407781934,0.5076033743929773,0.4989375276920334,0.5023891444668894,0.4867783884604523,0.5182991605370987,0.4967863914123731,0.5352427267731265,0.519463726261984,0.4962804181205249,0.4998996671902801,0.5180556845943415,0.5095320327178879,0.5088518810261474,0.5283665395291494,0.4996568334239461,0.5084562355101816,0.5178129975102498,0.4888984547993229,0.5129478065288223,0.5048788984351388,0.5174088080797701,0.5035944318892926,0.5433427172656591,0.5185625615382465,0.5174859651151583,0.5187842238634875,0.5247400083075421,0.5346602455828385,0.5176483492789616,0.5090001899692629,0.5407877196932284,0.5082858118130228,0.5127799990525065,0.5065966699536433,0.5212228663282453,0.4921934510265179,0.5048742314369621,0.51625744540583,0.5145145577761117,0.4946791592038601,0.4910007159083047,0.491990163470449,0.5120915137630282,0.515667134056787,0.4940989279449571,0.5100254974818804,0.5273236795361974,0.4997376177189581,0.4864471564779599,0.5075980878932486,0.5006807860901058,0.5340026302924227,0.5050370106867306,0.5061895870307612,0.5359756331321733,0.5002709841876947,0.5263560893466883,0.5038577363630036,0.5072509956607479,0.5002929854134102,0.5120961977900814,0.5335559530321975,0.509653746482257,0.5010165064787947,0.5130850885081062,0.5190769018139947,0.5236225998081302,0.5219934286534574,0.5137163084367535,0.5318635461303927,0.4999392049899162,0.5109161554273436,0.518294813234079,0.5006986054211943,0.5315649574618203,0.5253298199218028,0.5143386140527186,0.4992061000696132,0.5020461557651105,0.4910184022497501,0.5101456540528211,0.4961674772509983,0.4997765032648807,0.5025441797147084
2007-09-10,0.5061106858194345,0.4744245600597543,0.4958392335909506,0.5012479533838118,0.4895626490460981,0.4994773717610913,0.4918379543568234,0.5014239439464052,0.5092400700405076,0.5286718780442896,0.4732477712251246,0.5141921636808969,0.4978928705301116,0.4842834895723694,0.5031467227793551,0.5060330816333889,0.5124948920204844,0.5126188028939254,0.4885751461680964,0.4871511095818821,0.4989404117190608,0.4906822496323783,0.4911615079659203,0.4965832186006721,0.5115423297915016,0.4929803844635821,0.4969273237684453,0.5115660673987102,0.5004706677281393,0.48025042201798296,0.5018122618065092,0.5067445670151006,0.5049561414452423,0.4996619959170415,0.4868289376689964,0.5084733572057317,0.5257332488796589,0.5110334392215575,0.5161043605276701,0.5123060827251845,0.5213457357443306,0.5094282183123715,0.4962595296635778,0.4943233835434034,0.4957791683684745,0.4983248810347903,0.4920260415210044,0.5016356291278637,0.4930493541559575,0.4946683982010052,0.5160244361816895,0.4933310830256538,0.5191206148878483,0.5020859917976761,0.5028608457187409,0.4812167169274445,0.4791952085876348,0.4898340726304196,0.4863819289293606,0.5045614519502906,0.4846815530152565,0.5011046198309131,0.5313885048246093,0.5036160821054868,0.5018897273280599,0.482336416565366,0.4855972315265154,0.4973125155567613,0.5089499786662661,0.4993156632606286,0.5071856433546753,0.5170951756576351,0.4975310333916162,0.493804455093253,0.4946195616353142,0.49244823710834,0.4931109995257125,0.4976411968730276,0.5103355747684487,0.5111749447507544,0.5006082260639768,0.4862249483769553,0.5138401219103466,0.49446152692433,0.5117873870580246,0.5267916345950823,0.4969622799348825,0.4990944186248071,0.4925988784477568,0.4771758455262901,0.5101003293470692,0.4890310615395176,0.5031181105414166,0.490964745284041,0.4921387540931343,0.4806785450258996,0.4983452840168071,0.4996773616697269,0.4916774157502555,0.4888710615558413,0.4942688884651776,0.4849706590907589,0.4870695848307729,0.5070839414116968,0.4936277836376354,0.4935541833601512,0.5174372678939709,0.4988846592002609,0.5052672570774137,0.4895214386399228,0.4872830029618518,0.5011125822789567,0.49185587432148603,0.4892970425341946,0.4924753532103746,0.5052535387264193,0.4920681756921764,0.497584057510251,0.4918412333413669,0.4838079826917691,0.4965772632976833,0.4901920996185169,0.4711047088240994,0.5023406362198763,0.4979811441908605,0.5022123905802531,0.4956871339744126,0.4975920563325338,0.4891430199202106,0.4890400165071988,0.4972107847922114,0.4994994071027656,0.4655832645368478,0.5082055151236877,0.4833403252249338,0.5051142560452978,0.4892445386659621,0.5061349832012614,0.4935101868684722,0.5036821338782977,0.4942107826014664,0.4985777005660212,0.4834872420746809,0.4957083785374552,0.5339558043034864,0.4962250453284865,0.4794802528315644,0.488318899441744,0.4958035848710933,0.4890269365692417,0.4904928822373096,0.4942517502557466,0.4880830327786797,0.5017941188776063,0.4947599636985621,0.4901742854932925,0.5009240043600242,0.48248474347267606,0.4953606040150733,0.4871874886359622,0.4955926472984393,0.490542188834774,0.4985274413880101,0.5120861189546193,0.4885071995109566,0.5005260812321891,0.5123080537176999,0.5127764978700134,0.5123845487616193,0.4940928891348947,0.5112464149801992,0.4973105225250658,0.508565613443552,0.5057771920078794,0.4950318843601506,0.4927909248936734,0.5089600099720872,0.4933310830256538,0.4922268927759971,0.5066914783932521,0.48428915064597494,0.4873798518220951,0.5163975798338092,0.5264162878172033,0.4703111957004464,0.4920594195403396,0.49777279503492,0.5088397595168718,0.4907308472167182,0.4997630257614902,0.4996158886456249,0.5190303733637734,0.4997520698610086,0.4955359009527602,0.5127751234614527,0.4865296121056351,0.4965220486809918,0.5114714888379148,0.4892357610256735,0.4819750568409607,0.5053591391949157,0.5156228962474884,0.5320701430591157,0.496450494754417,0.4932447561499342,0.5082013644019349,0.4979211248933885,0.5027217277162827,0.487883571031972,0.5223100605766589,0.49909558164598206,0.51120007931239,0.4962191145756153,0.4982504029832653,0.5130994904110094,0.48574144228867605,0.4924913532327799,0.4941086866359058,0.4945860841126236,0.5056850733619674,0.4922481266999739,0.5174287489047753,0.4950944655998125,0.4861435350768374,0.491914370739138,0.5102017683705977,0.5010488951318245,0.5016577053544826,0.4967757155024156,0.4832243670409389,0.5044014906547957,0.4881692886599484,0.4879094767309848,0.4935902636697926,0.4951136907158034,0.4735645620236864,0.4991446357377067,0.4899895513779194,0.4998967505085828,0.5046102146123272,0.5137617236183293,0.4934035691883848,0.5106462968355058,0.536320893593403,0.4894927546207098,0.4857764927394999,0.481404898548003,0.4930075940907554,0.5031637985818442,0.5118065439412063,0.5070041567674463,0.4970210094190021,0.4976380791373119,0.4958193719250332,0.4817810241443223,0.49053048329171,0.4981309949305495,0.4929774450742957,0.5337044997513954,0.4948255729608668,0.504562674265291,0.4864726176262632,0.4949868677725814,0.488331920010517,0.5060870757794784,0.5043949171216943,0.5151693702821397,0.5098857516170723,0.4928148531685322,0.5068869124943135,0.5008906228765797,0.4865994808295549,0.4876594291160283,0.4882431973086514,0.4783028840625264,0.4941192004277616,0.4970489644708934,0.4868558089717837,0.5064211843151509,0.4920679137461685,0.5044111563909861,0.5039512118375116,0.4964472699140946,0.4939566449614214,0.4881300414044722,0.5039753882814135,0.4798627968599479,0.4933365994509429,0.4786036924415104,0.4846738334542642,0.4866958890413399,0.4962096919109446,0.4827569368943919,0.514136441318504,0.50215868016822,0.4852019469867566,0.4947458202916054,0.5044914942869733,0.4989179502517954,0.4891121048908186,0.4989681805559703,0.4924344179682017,0.4948779300271415,0.4918090565605768,0.49153385422747703,0.5007202159322971,0.4862977941741341,0.4961094466842511,0.4994147227786429,0.4787006656933658,0.5025285581250518,0.4958214982581763,0.5066371069721253,0.5019251861693863,0.5006717341824214,0.5164906683434772,0.4923328546530197,0.5062824786836883,0.4985746790235475,0.4952556403954245,0.494483734190922,0.5049034213135264,0.4856715440460303,0.5120257964649151,0.5048904316431767,0.4927828928290576,0.4740837275931576,0.50859343378464,0.530306745989625,0.5123209586799741,0.4940070632985446,0.4848445642841664,0.5190654678411022,0.5047090362164836,0.487192386519458,0.4956405809985809,0.4983942684059731,0.4890474287059469,0.4874291209996111,0.4863806389591234,0.4977386730735424,0.5099823800628817,0.49615595582416294,0.5150450140835197,0.5084539980291297,0.5056592778293065,0.5007048371382274,0.4951345594570034,0.5364743296786505,0.5255194368176493,0.510586931518281,0.4841351583275786,0.4846837986251828,0.5019217303155105,0.4995073248114586,0.5208256685289315,0.4926294136614542,0.5203981047607774,0.4961750640591162,0.4955865733273537,0.4835333232194195,0.4779531707129821,0.4842019597134992,0.4858109647160641,0.4773109732457449
2007-09-11,0.4798966366074902,0.4958298842621274,0.4891007085512808,0.4957903268884478,0.5027286910557747,0.4883579337408717,0.4957829118519903,0.4852620857509575,0.4938670377117653,0.4967260150616053,0.4883437186670885,0.4917234530287539,0.4888206326282381,0.5047403567098794,0.4882066245695854,0.5055894826977985,0.4835906063461051,0.4996996951782942,0.4997555863299401,0.4961432710491282,0.5030502932145972,0.4823491002790547,0.4833795753511738,0.4885644175632921,0.4833779291572553,0.4920025117214282,0.4895360825417571,0.493396512534941,0.4939387248386836,0.4912734418999282,0.4896687164340057,0.4967486469896021,0.5003576350452437,0.4945939344107173,0.4878265608626372,0.4897172437212626,0.4863935676027093,0.4966795789410166,0.4815825936258898,0.4948084720350653,0.497031544581225,0.5004678612000701,0.487705485157845,0.4910803922962029,0.4888838274175701,0.491627526183363,0.4899063366986873,0.4924520031820863,0.4952328216754574,0.4880032090562653,0.4845294472811917,0.4959969733773674,0.5031052331564869,0.4921284226623942,0.4858721921367589,0.4913673477308527,0.4751300776495138,0.494235866524317,0.496822569003347,0.4950502609052418,0.4958724935896372,0.4699938174955854,0.4987339186430853,0.4801587857869855,0.486809953734821,0.4822074677938401,0.5019458974383241,0.490292340474482,0.4956318873705355,0.4918859097495028,0.4916253343920219,0.498825230961207,0.4862072750108554,0.4879645359696898,0.4890488734046682,0.5030048081047886,0.489229260456956,0.4838750787896109,0.4789027963244883,0.4979183964294397,0.5000419260126554,0.4929248581274742,0.4877065831964663,0.4964895178111697,0.4984770587220606,0.4836290154033511,0.4915764015291183,0.4909280585894373,0.4874718744987987,0.495932682080914,0.5008070409835323,0.490003019966239,0.4973356027837738,0.4927111022484851,0.4919296118386513,0.4838511242292458,0.4916823581907825,0.4931710252251808,0.4853573519802989,0.4845527561091116,0.5077976549100379,0.4817032411612628,0.4910027904439013,0.4888633045809001,0.4927394356982096,0.4951974884375573,0.4876799033200072,0.4920154524327904,0.4912431501948736,0.51154670626582,0.4959219723590679,0.5080576509436351,0.4846802145647757,0.4874430628604613,0.4911436299614687,0.4981016651260101,0.4860760750837676,0.4589917906725247,0.4889770622136019,0.4849407039807505,0.4935393282242166,0.4862588944518789,0.5008689667705256,0.4984137560806334,0.4895587526129331,0.4955034999286839,0.4970580271413089,0.488668829512725,0.4997173961447623,0.47531290227317996,0.4795675209139644,0.4884346232113155,0.498405647727903,0.4974155854822913,0.4939168268666574,0.4787962528090898,0.4783975105484106,0.514775614647435,0.4864588275034162,0.4932021357399478,0.4915478515933049,0.5091646440897292,0.5091102561032743,0.4930473818845069,0.5171340815616583,0.4925670831050794,0.4776613275908904,0.4953811324436275,0.4912574396424576,0.4972048762984794,0.5008527846409402,0.5079265803330623,0.4988474150420145,0.495837726165125,0.5022164254756432,0.4963759427696807,0.4914076511569228,0.4918958260508843,0.4921704974078253,0.487721583504787,0.4846232018540498,0.4942940332400419,0.4924952491907668,0.4918556634314655,0.4865948380606911,0.484866162737807,0.4885285593933149,0.5008502551850502,0.5002617361537876,0.4751699442542498,0.4980146627406624,0.4908367683486805,0.5237605658302299,0.4842451720951113,0.5134828861602725,0.4912067298055005,0.4918682739516514,0.4959969733773674,0.5045303342820978,0.4929827497218994,0.5048375724765236,0.4836113026483312,0.5039053402541223,0.4944677205124319,0.4922011630634683,0.4897972579976808,0.4955728406539549,0.4996594952635071,0.4899803484807483,0.4921780766966555,0.4614809129793685,0.5004619979522015,0.4854530586577074,0.4840706517287423,0.4897182816920856,0.5007362292841521,0.4886646407309434,0.4840278621350942,0.4971103906931604,0.4816214295154592,0.4984748868904208,0.4944071611724896,0.4864807602524336,0.4900232691872462,0.4747023671807481,0.5063141344947233,0.4975038819265338,0.4949179975459918,0.494749405128411,0.4937499517794956,0.5008082312225741,0.503616930682466,0.4906630349857566,0.4874484766922345,0.4834575503176943,0.4786311434341199,0.4950031382021362,0.4851650778114451,0.4999697269124833,0.4888720671933605,0.5024896003931143,0.4955464950188858,0.5014528004371982,0.4947632457824345,0.4982743024145255,0.5001043222462687,0.4892724923155992,0.4898678332964266,0.5018795426987175,0.4879595084004226,0.4962095540561872,0.5066766811552182,0.4918129312451108,0.5054682222212542,0.4874294560329729,0.5124081906425288,0.4893600949806587,0.4994026291182606,0.4934852606191473,0.4939418425812384,0.4857587797696756,0.4991326253293357,0.5230938576988093,0.4925428124488354,0.5009603666905288,0.4758091340457426,0.4850090516890793,0.500578178749871,0.4921747877814484,0.5114648617806287,0.4954412269080909,0.4804037149122843,0.4944004513017655,0.4978516080369213,0.4730997642025639,0.5000008522278327,0.494999178778768,0.4915060040387458,0.483948062795649,0.4975558704534509,0.4908792809406201,0.4867790429824772,0.491368536221575,0.4825266314906954,0.488862124207597,0.4918311498477196,0.4883891362179396,0.4966781662121884,0.4801764868315499,0.4838692515483827,0.4962683888370745,0.4681719146369522,0.48703690204550804,0.4953780605861812,0.4977104619434517,0.4964999432756072,0.4916965827212517,0.4917569524944712,0.4886954874030509,0.4971546294299107,0.4746604232967681,0.4762915810305535,0.5083358690695379,0.4922604116561504,0.4924811202683082,0.4891257238059069,0.4766809100598632,0.4780589675391846,0.4780686200921184,0.4939307637633506,0.4845070463918742,0.484871614973173,0.5034077400173212,0.4869024030288407,0.499334244788612,0.4996247615535862,0.4783832905467137,0.4645071288271162,0.4913120835263497,0.4978828056785824,0.4946260164293098,0.4955904237604332,0.4845117784468808,0.5039878251932516,0.5008049128102529,0.4979054858723584,0.5049346382689662,0.488374317697031,0.4894975120254938,0.4954266013617571,0.4865567137557095,0.4810238540768146,0.5058913722518985,0.4821061224716331,0.4834916806487827,0.4929137973516353,0.4883376396768554,0.4898659787131369,0.4853629518510612,0.4963797855924667,0.4998376499551825,0.4806240033325548,0.49416948511361,0.4942046055316093,0.498775331618151,0.4948195061691859,0.4902739645254042,0.4834107829365945,0.4963759427067645,0.4995645951752337,0.5000668349097724,0.5065834379154341,0.5051792970004089,0.4902600483635752,0.4873404546820064,0.5036260113515991,0.4889533801122263,0.4881931081842759,0.4885245514605014,0.5042802537228436,0.4797369273990114,0.4899266163308149,0.498511383813002,0.4966862273556528,0.4942723490186128,0.486749911143724,0.5040707217906185,0.4917659563611462,0.4928072276920967,0.4964854631185604,0.4950546187682409,0.4931379709385412,0.5040486196908217,0.4993711509502902,0.5031981230704008,0.4894642811706898,0.48992930486875197,0.4988317357691011,0.49212110205907894,0.4891223663673908,0.4940198189939915,0.4902471386282657,0.4838188271283938,0.4808379940747733,0.4858137405890761
2007-09-12,0.4943841038373168,0.4937569750616008,0.5004183250676961,0.4889915246159876,0.5021739029530337,0.5085908267223348,0.5054699828560425,0.4866466820042304,0.5036938927728973,0.5131076292398479,0.4990633677608696,0.45706474372017,0.4946942595175389,0.4993476974718869,0.5144178214912669,0.5051277849284457,0.4991106018525179,0.501310832187599,0.5044104675452297,0.4975732357070055,0.5130617544156166,0.4987655110637847,0.506970405290256,0.4705703704642887,0.5113266255335115,0.5002071837105468,0.4925713247337103,0.5133784048721387,0.503486302123909,0.4987766643142534,0.5032055193834607,0.4907682364809533,0.4919753429254698,0.4896078731694376,0.4928346386107586,0.4979832532201812,0.4995118811975782,0.5006097740626857,0.4925463579059841,0.4949998648137421,0.4922870298740907,0.4956333898535807,0.5095765283667015,0.4923648069201794,0.501498039968677,0.4826899711228521,0.5006733800393474,0.4921370019803966,0.4988389825141426,0.4957069108299909,0.5004790734422563,0.516739789667394,0.5036571814249854,0.5012627396705774,0.5089054039268615,0.4998012004593524,0.4879277402914623,0.4816467174255658,0.5110908637338445,0.5173124110789598,0.5025377522452008,0.5119063243899571,0.5062091794165005,0.5004950106648338,0.5058585891412565,0.4979919414010701,0.5010104626178664,0.4978233865444575,0.5060054768171953,0.4887040810494181,0.5251363428772753,0.4941154402466274,0.4960047830408952,0.4906736021708525,0.4920615340364383,0.4853848908709921,0.4962085981428287,0.4804377422182674,0.5206201924332051,0.4973249189123242,0.5178103390649077,0.4749726410175547,0.4941824551074082,0.4977970969426598,0.5071070262617785,0.4834326267259386,0.4917992654771148,0.5007138794859372,0.5039399823428506,0.5121147392096643,0.498233161569125,0.4951216413507551,0.4971141999897381,0.4923542666336445,0.4821667893032425,0.4886733389417365,0.4977079552863734,0.5015424106083236,0.5104093470334721,0.5006406120507784,0.4961629644635748,0.5295434773009556,0.4901026721189409,0.5032451549404828,0.4854655786682394,0.4971553111534088,0.5065743070818419,0.5030883762818008,0.5006819420846202,0.4895775903373172,0.5051611075628046,0.5056669973732589,0.4995892304583904,0.4931814153160686,0.5139549443277088,0.4795306911727684,0.4824622945246988,0.5019371726603494,0.496824108370605,0.5201301924094609,0.49993230614464296,0.4992752580817864,0.4890248407695917,0.507362389859614,0.4969579340195924,0.473372070787599,0.4891163958559092,0.5128995218071061,0.5020280860317817,0.4704438051194943,0.4906324737135312,0.4772914770381253,0.4938110397096234,0.5060565523215544,0.4964443074936722,0.5167516004766611,0.4885553028158631,0.5020522684087363,0.4906442886055846,0.4995571210254577,0.5087515390777179,0.495668952153756,0.4927338347077888,0.5058284664422571,0.5066257799989775,0.4964512049548994,0.4837027324184376,0.4934862556157804,0.5078780188325054,0.496898242197409,0.5019996144561649,0.5107517811008035,0.4991609617282144,0.4866417903603797,0.4859678668061485,0.4893376870037587,0.5077800768275265,0.4927718885829983,0.5029987785343064,0.4808310235082638,0.5026254747820219,0.4883168020265464,0.5025411648336693,0.5072822221221138,0.483636700990969,0.5055494067544252,0.4830651033489768,0.4902344213503628,0.5070304318917622,0.4964674538825287,0.5113755424067206,0.5116918553052403,0.4939966718334162,0.5087399732390527,0.4833233425959569,0.4924699036744128,0.4916107511043046,0.516739789667394,0.5181070802355431,0.5031258731186667,0.5198189433844771,0.4896694365921194,0.5224391013692963,0.5261496432603056,0.4904954847638749,0.5032148668858308,0.4958337069021062,0.4864930053763623,0.4929544776848065,0.5228476863481376,0.4978396984797962,0.5113117741716348,0.5038681341155481,0.4913140799188601,0.4984855602115556,0.4949096970845934,0.4916429309889962,0.5015752757015752,0.4894262536554186,0.4955308751230178,0.5056483347391879,0.4655433675538929,0.4879974154120702,0.482907513160296,0.5002076437692087,0.4813385149900128,0.4976888754772407,0.493132569908654,0.4939004718101546,0.5134343471230478,0.4975972281044816,0.5029102934403861,0.4842425839381882,0.4941025931391489,0.503194496904752,0.5052778950912548,0.4913915908790086,0.5122336015762146,0.5000807222309831,0.4815688897759301,0.487548730985044,0.4921087535441066,0.4961198441378408,0.4887821615900689,0.4778789966048798,0.4947338013875172,0.5012809494565024,0.4899103260545615,0.4916801742867826,0.4882558721217283,0.4824106620449002,0.4814661255523617,0.5036861459536808,0.5254941062672089,0.4976751409288682,0.4886034760020621,0.5071414155518935,0.4934759431746983,0.4987306855349756,0.5003155295495596,0.5096853819788162,0.5053119563817505,0.5036786688108537,0.4924448798391123,0.4956127807193286,0.5037312171264663,0.4860918186053891,0.5056471430427486,0.4909582817745449,0.4775647696270399,0.4864123859980682,0.505598234840739,0.4948490976914441,0.4932482094583046,0.5028724742888621,0.5102579018510263,0.5162101605927216,0.5141691740966682,0.5130751494711197,0.488906606890146,0.4939544086320597,0.4908400372933928,0.4957025004437575,0.5028594505835426,0.5010970621555539,0.4868934938655116,0.4921617962347917,0.5013997783402773,0.476968734572385,0.5200641401154339,0.506216732568411,0.51373435154609,0.4971475562288414,0.4978882072839921,0.4993840656399224,0.4773849184622727,0.5086013967166421,0.4950031713536731,0.5018338633456226,0.5095920308831838,0.5057379590570001,0.4891757429796453,0.5125567466101973,0.490096460656552,0.4876428359519165,0.5029949656725712,0.5014874713440446,0.5063110596016621,0.5111621276189862,0.5050326734285089,0.4925631027379808,0.4978875868358923,0.4975107495946653,0.4988040606282144,0.4981245567429334,0.4846632609051546,0.4938690952442704,0.4869718864451147,0.4967864541821194,0.4975265401314014,0.4960992246957738,0.4973004137619386,0.4957706114573568,0.498135660095766,0.5024190203718875,0.4997136852355901,0.4889594843598346,0.4986816772353355,0.4890061848490062,0.4988517736448011,0.5043157268430012,0.4950244288950314,0.5053656843471663,0.5139342269600656,0.4987175814141962,0.4794808347113366,0.4818845910779167,0.4893022577876752,0.4973829165011355,0.4996436979623068,0.4920690719281975,0.4961668798002495,0.48381302201330395,0.5128247945393406,0.5075014178082461,0.49676798476242207,0.4925903191337403,0.502457600755938,0.5326458876496797,0.4975076603355842,0.5062557359572709,0.4853330690321425,0.5026441397395425,0.5052137622762704,0.4870265715742325,0.4889435438886721,0.49596711464289206,0.5181768601222079,0.4966794786632115,0.4906192753034873,0.4867112050302069,0.4858313308835172,0.5128461817370218,0.5137926321789232,0.5226889312280475,0.5016337871687682,0.5047552967755982,0.4935678982582194,0.5114234626425984,0.4995475840132422,0.5088553137240625,0.5197960023975208,0.4825664815554525,0.4857269325617432,0.5203361578353548,0.5089055939005989,0.5165743103332285,0.491520625164886,0.4915405579755364,0.4974619713013713,0.4929845289646638,0.481948543177721,0.4956929477485687,0.4814675312826352,0.4936988044587821
2007-09-13,0.5185295681932712,0.519676196956887,0.4983907598392458,0.4953571921850224,0.4965784218228806,0.4914641160154392,0.4940277612794359,0.5205276744598312,0.4953138063647151,0.4963897195128875,0.5063344140071689,0.4855636059799645,0.4987752306282411,0.5159971468281953,0.4931796149237221,0.4835866389272172,0.4968590068288715,0.4939309654033127,0.5238161166016277,0.4990082473277033,0.4871882064063899,0.4914414857775488,0.5031271536330828,0.4903061277382882,0.5069572240097262,0.490595900011281,0.4934611186307262,0.5051729094121626,0.4986592249902028,0.5041256623929187,0.4954813155207144,0.5114805326313384,0.4996368877493577,0.4990602721047515,0.4910150751468075,0.4856431511337703,0.4942759348394781,0.5060286991461513,0.5107938764846087,0.4994936997369618,0.4949238381347725,0.4933650734648053,0.5051807344465953,0.502668713873505,0.5063309368477432,0.4979165756134727,0.4867624025904097,0.4760159654486769,0.5005296848482453,0.4917553848221941,0.5158527322968739,0.5019428676490467,0.5126145265651451,0.4909540003569016,0.4991019129018357,0.5105643501226279,0.4764206550271452,0.4865918725805042,0.4985599094341642,0.4875747202323741,0.5215441826516752,0.4976716480061379,0.5393912450592468,0.49334556566909604,0.5187522147039073,0.5046776672636565,0.5135309875711448,0.5028667346509329,0.5018315250947744,0.4715154745430291,0.5157026425490295,0.4874883552049472,0.5108872826991433,0.4824700824012034,0.503094475530583,0.5124356386700109,0.4974898028939554,0.4843356712013819,0.4859930399765329,0.49272053630453005,0.5053345274304183,0.5095952909833368,0.4961046905524472,0.5005389032501721,0.5063620666688193,0.4891129979778333,0.5048277716716042,0.5066550866470605,0.5079890184236034,0.5167828041405768,0.4955597437877296,0.4955947647457844,0.5086139874222239,0.4972702603596553,0.4987551766383637,0.5199362698024638,0.4939165596068096,0.4914990444567666,0.5078745889732418,0.4906206761838395,0.5233957250329293,0.4637442547256764,0.505688108249821,0.5188547806032601,0.5005799923566344,0.5097273168934512,0.4996987318601954,0.4687309362467055,0.4885171853002062,0.5045188563896229,0.4658323090506392,0.5003799655914147,0.4880530051603727,0.518849258983481,0.4961035484399377,0.5170371742378437,0.4989206522351742,0.5022947232064137,0.5032442788502027,0.5115307583610962,0.5044351503671111,0.5072784082235101,0.5191711073632245,0.5086123547053482,0.4843164714580805,0.4791031320531823,0.4974325859331044,0.4924350408353683,0.5034564875986868,0.487080098083492,0.4839780946091757,0.4912212646126946,0.4956012639623265,0.5081678231980388,0.4969726811733088,0.501421298700288,0.4979340286628597,0.5308095934204015,0.5081346657762121,0.478314379322174,0.5103905991793896,0.4768572180478242,0.4956360704502756,0.5089046273085913,0.5027797505673756,0.4921296295071814,0.5001595097347347,0.491399242270524,0.4989778864308867,0.5017131698849424,0.4972500006164456,0.5086923577900918,0.5090945481735039,0.5105464786986252,0.5046109369579993,0.4986215669680117,0.5075412703773888,0.5065220578989937,0.5022494138854287,0.5065075806179382,0.5150067034177062,0.5154402554996065,0.4938537389157302,0.5075452425636354,0.4889168166599486,0.5032525168787911,0.4744747293226621,0.5087395593490751,0.5024786896849388,0.5003387436002852,0.5003259908619755,0.5245855759858147,0.5022710599851921,0.5063441794304548,0.4923414432499419,0.4802814945708666,0.515434257320016,0.5019428676490467,0.4959110560375867,0.5000250866939184,0.4996714889463669,0.5021863612640459,0.5025385674805432,0.5051129915535179,0.5028346894316622,0.5058861910702989,0.4952284019356529,0.488836257701825,0.4959819244355501,0.5124985725952691,0.4881643800062838,0.4825230411490198,0.5077603769248817,0.4843687131531588,0.4822492366193082,0.4886704826308721,0.4838152744764335,0.4949457802449762,0.5002010840720543,0.5051812648132259,0.4863314426003555,0.5191168428078831,0.5101119087703043,0.4885242884458666,0.5059648377921282,0.4834638441162418,0.5066679381088489,0.4951327198725867,0.498554636955161,0.4929849881986522,0.4922581731466199,0.5181722676119535,0.4916064150901868,0.5032672032790745,0.5003206027338495,0.4980781648935944,0.490543907459542,0.5262015866493782,0.5034793142253965,0.4999523998109417,0.4886320920182576,0.5020610290283668,0.4930118599775071,0.5201193464398446,0.4861969856290919,0.5039257598392382,0.5015759059229212,0.4905192496816014,0.4935308705697703,0.4908747113893667,0.4917841276996549,0.4993367581018765,0.4952289768364335,0.5097119550458002,0.5110901335513391,0.4934165744355844,0.5220171295232549,0.5105899547587466,0.4979111633687813,0.5020615823956883,0.5089193975692807,0.4907429141811032,0.5270741034612257,0.4918047132756512,0.484640911790713,0.5026739531508739,0.495442619126799,0.4917270247428223,0.4955270618707473,0.493914759964363,0.4880213651427227,0.5265862924729882,0.4848862564051357,0.4900058920078762,0.4831622183544436,0.5005248239994475,0.5034933624605276,0.5057770583966686,0.5025272072171663,0.5144816363030423,0.4814690129144553,0.5095026991795164,0.4941394323740572,0.4946920022040289,0.5032516792313357,0.4933080747865853,0.4926067117907823,0.4836441345814886,0.4709810756222904,0.5140330132483558,0.4993120510197214,0.5091134165482668,0.5001132419006399,0.4874570556066574,0.4764901249520657,0.5046134103628809,0.5021238894762596,0.4897177897006544,0.4963489557277885,0.49282480508543497,0.5008997179563219,0.4942060716974376,0.5264227556033457,0.5015701386225089,0.4861755913507078,0.5074027088577193,0.4828984083471378,0.5125080782265862,0.4939679472126362,0.5202705314420376,0.4922696828581001,0.4869577284400513,0.5003892954333536,0.4976300117185039,0.5034671446664536,0.4824438836132086,0.5087870681899002,0.4950972961519644,0.4999897199518079,0.5082931618770404,0.4917926179566703,0.4974841778487059,0.4958316644668859,0.5429453079519433,0.4932925560530362,0.4957748380758823,0.477310178780422,0.5090543625119249,0.4826812859752766,0.5319599860174733,0.496637858892774,0.5137744850947235,0.4865727582685078,0.4987222593099791,0.487984361343393,0.5005103150541796,0.4897755876187162,0.5200639365191221,0.4957421853881572,0.4942746312543786,0.5074369426038688,0.4991542324270473,0.4951058555363661,0.4979150566865663,0.4826482191163563,0.4986386109728283,0.4882615171812036,0.4908342745137228,0.50915621542703,0.4938570164242302,0.4807724607501949,0.5066814899456556,0.4974136669991328,0.4990973413307922,0.4949245120698443,0.4946040057190985,0.492577924259577,0.5145827425360018,0.4885555218893479,0.4964158119448174,0.4923971602916543,0.4977264785396278,0.5172524038319277,0.4966763386972128,0.49532546682812295,0.5071047139763076,0.5128542261471389,0.5003039348387115,0.4862801804508735,0.4864701938739974,0.4817866393233034,0.494575119042024,0.4958366556431089,0.5223100653651043,0.5102078682116682,0.5026400378152825,0.5005224690371187,0.4949744185804824,0.5176477190409878,0.4901432190390427,0.4936299235452043,0.4986432584946015,0.4826750680453787,0.4943828035479744,0.5159247821089685
2007-09-14,0.4968430961961716,0.4940202004395701,0.5162827101323542,0.4981749397971658,0.5088071231284826,0.5065705660168425,0.5076960887676227,0.495436739513957,0.5160994579339875,0.5283350368234537,0.483187242871973,0.4959391436552342,0.5028223796319934,0.5156558036513115,0.5260543400324499,0.5051359198514048,0.500592485379974,0.4938593588209506,0.5054839213772441,0.5057445112846037,0.5248716397384313,0.498428548202748,0.48896702583797996,0.5094929538819951,0.5072825732950633,0.5037056424851617,0.4966027930007638,0.5013890553231043,0.5109768984771645,0.5166153326387821,0.4925643556560514,0.5184071901283281,0.4959140846369932,0.5060738016512261,0.4793090820593224,0.4890546766896455,0.4951725251366352,0.5111574982718273,0.5000055170911185,0.5000996794744712,0.5029655818101508,0.4986873939957362,0.4982785761296431,0.4970742395274509,0.5052040183126162,0.518661598043089,0.4954667648016777,0.4966238848440405,0.5043085949511128,0.4936337493445924,0.5030510719901954,0.4903225176524168,0.5190470126445319,0.5123542782508035,0.5199824154564096,0.5170092269826765,0.5195021936329468,0.4908445702784011,0.4981480059881177,0.5264746620697556,0.5212727453145811,0.5063934354184438,0.5018487277353364,0.498165159309563,0.5143156459952318,0.4893845078958957,0.5132438004079691,0.4987528521385615,0.5001202306048496,0.4999633472299351,0.4956735590129622,0.4942007415412158,0.5011758628387849,0.5013872274675713,0.5003938167996184,0.5053062309936344,0.4939505538408779,0.4985085599670632,0.5256796411215962,0.5110433328895371,0.5118708009020729,0.5226340987728404,0.5030750487696447,0.5149922320521496,0.5141536947684135,0.5075489861405501,0.5118889419350732,0.5070616556560961,0.4968966854549768,0.4881165613738495,0.4954638650430054,0.4988323727076748,0.4898854689043341,0.5018362227975262,0.49591563392786,0.5316296050009925,0.5080133738963309,0.494512180040503,0.4914453080691837,0.4941938775206114,0.5042725868933223,0.5071746353865363,0.4923265948912169,0.5091656848482412,0.5074498109549279,0.4967529737242268,0.4986921258774466,0.5003035082718542,0.5053138991676623,0.4984706848945722,0.5236684140911768,0.4952617683886009,0.4805972773922628,0.5055674174627782,0.4901708983032015,0.5022713928832317,0.5169569874777843,0.498412964297639,0.5199053007251793,0.5179961009719016,0.5179914204076074,0.5124065876342757,0.4916179093277235,0.5076773816935312,0.5094830412618717,0.5105647549145865,0.5010636796951738,0.5027882474113067,0.5224034218252456,0.4835695546335999,0.5244369924252744,0.5031832091239901,0.5179632855951165,0.5100061458204671,0.5045692344603235,0.5277613130524941,0.5200073884658225,0.5076576248111146,0.4974519722657657,0.5128012491532478,0.5133520333649286,0.4893735781808764,0.4904465567451497,0.5151246396785973,0.5112118401808502,0.4987651336665364,0.5179393823916514,0.5015894026118359,0.4894729278556454,0.5141232463354696,0.5271958616482395,0.5176128789144928,0.5141173000408666,0.5051358818419971,0.4940890421862928,0.4964764672535709,0.4876874197479114,0.4957550979122908,0.5097984135450292,0.4932173346299311,0.5045551144823921,0.4953042673536991,0.4968985834431608,0.487076738849802,0.5118488904761892,0.507506664522673,0.5084776912598276,0.4928258929946973,0.5335873360352735,0.4788911135919696,0.512665885077731,0.4935251823985178,0.5249587199008522,0.5077636640594521,0.5056628501482547,0.4872103354657354,0.5188967866463458,0.4903225176524168,0.5127430524682882,0.4919019329030831,0.5127735809633672,0.5019217711382548,0.4938939794758887,0.5047705343031057,0.5034698238556203,0.49655276849466,0.5078770571428249,0.4964605527173231,0.5014701757775917,0.4971509606425698,0.5204266317799547,0.5049768164956918,0.5082077987591997,0.5144811356142479,0.4964966183365706,0.5077738927439108,0.4871612027331331,0.5131392017179389,0.5135271767041438,0.5218834648016356,0.5038179986000537,0.4979993578929694,0.4860742156307239,0.5083146135957503,0.5072381234850755,0.4805723218331378,0.5000184213776963,0.5084697139545785,0.5060510997072544,0.5130928680037469,0.5012953492638278,0.4927072135827597,0.5075398900884344,0.5074459440474938,0.519111526418399,0.5124418708694529,0.5013431859388784,0.5231644303916062,0.5145376766688144,0.5010824088220325,0.5033672692545546,0.5158823566666718,0.4915673634337122,0.5089234636422143,0.4874876901061817,0.5187709214026326,0.5405279872638997,0.4956519869575465,0.4958214685545379,0.5198243254331485,0.5092496278413635,0.5114066741960182,0.4908356541807639,0.5203992291688405,0.5016844061398379,0.4816204059821719,0.4978683347633043,0.4977109807143298,0.5010451239217939,0.5041254902947434,0.4959869630140977,0.4999005324048718,0.5100473680256327,0.4920540363426672,0.4878448769573544,0.5092689485516156,0.5143824782029844,0.4950709131335749,0.4974597583593553,0.5076845450179656,0.5059549930761262,0.4955515638723922,0.4915169812786104,0.5036888343425318,0.506683507950842,0.5385456063600759,0.4976911427522592,0.5090764501460057,0.5046541182454743,0.5305368008740187,0.4918578532310814,0.5068264556938528,0.4953967132948053,0.4886389778849994,0.5081686198488634,0.4745866010352221,0.5031652504561573,0.4855821207935488,0.4906119515789898,0.4951078111769498,0.5062511297738712,0.5009206623859818,0.5044844167228913,0.5071291127628194,0.5024306634864052,0.4813990868371601,0.5097381859966934,0.5101121435507544,0.4972137504863478,0.5116006327856286,0.5126162592861685,0.493872089309785,0.4991810456199086,0.5024500809878752,0.4873978596553725,0.5076125229436079,0.4974563996682952,0.5077266665914114,0.4997243362494812,0.5000711113392022,0.4802127217709079,0.5082805935882648,0.4873853289064199,0.4845305045198003,0.5240273523315824,0.504609333849833,0.5114420921557288,0.485336027179206,0.5119914549918566,0.5010316106070835,0.4979993549069309,0.500344306045328,0.5104799649864852,0.4995878012895986,0.5065700898175899,0.5082069844065453,0.5151402512637311,0.5092894391358568,0.47658167906554105,0.5037847561818388,0.5089085668754815,0.5013751649501712,0.5082794844213662,0.5145356848343663,0.5170120924797021,0.5022618614277543,0.5044730277704922,0.5115075429298716,0.5029887313515898,0.5094417241721579,0.5090206694323888,0.4805846796017003,0.5028943201478201,0.4955285602475957,0.5146634770246125,0.5000658647807487,0.5102643074346636,0.507082061924312,0.5064308328606958,0.487355893221577,0.5049904702095773,0.5069791638322588,0.5132204901471136,0.5176312429210391,0.4839432213405805,0.4966098742170837,0.4922439246760538,0.5294097196249794,0.4926376036588611,0.5061979406249344,0.5135992470537274,0.5172274050417695,0.4992752879265082,0.5077020419254906,0.4989349639059039,0.4969545371358117,0.5172071678409992,0.501566310576546,0.487999393416647,0.5046137377790366,0.4897854992710991,0.4909832261580484,0.4850810691417359,0.5037863003934905,0.5232493983403161,0.5098441145532177,0.5157449010397377,0.5095685012768917,0.505758505171765,0.5005776241084562,0.5026069281972005,0.4978336852765173,0.5043172290624787,0.4885314008513989,0.4955482074913397
2007-09-17,0.5139060588339086,0.4985964451810868,0.503651361203914,0.5109223935990127,0.5101360567952509,0.5019007001682869,0.5028655126267807,0.49055435453324103,0.5104495542066552,0.5115513292165854,0.5046506566302077,0.5003678643122857,0.5012865386780073,0.5022148013587988,0.5051399445332744,0.5054965826071098,0.498892735005088,0.4747429719746757,0.5133436283059873,0.4956721353107165,0.5084426244635255,0.4907752303892709,0.5098658646616956,0.5017015945567854,0.4911771216681274,0.5055277064482174,0.4982531134236237,0.5151544021088702,0.5046260361172437,0.487981192991883,0.5178342125662583,0.5290528639511525,0.5070240745548588,0.5049843516353032,0.4854634869080024,0.4934308147855332,0.5078750868176998,0.51531315973671,0.5063409210241068,0.505039237066242,0.4710799893436115,0.4933437911989417,0.4929246592145946,0.497337287066274,0.5111424938822713,0.5025513782585567,0.4997535290749066,0.49329762632204704,0.4924538198725999,0.4976549556782816,0.5143295390392278,0.502090654221664,0.49526413440243794,0.5092196384855311,0.5311268943744758,0.5144106917269475,0.5180581069571286,0.5081026359313404,0.5069084271330823,0.5225747551615296,0.5127741013887321,0.5062027004854661,0.5040523628742172,0.5323870228693396,0.5212663060020111,0.49168623572568393,0.5105954451292185,0.4893837657240026,0.5094904159816481,0.5075611482353106,0.5194627780071662,0.505580173391789,0.506110125175725,0.495554910169743,0.4958100303186394,0.4921796032953391,0.4923125576776707,0.5077133532602602,0.5157254814343875,0.5003148254347021,0.5134197518713164,0.4813418961273373,0.5023010571307962,0.4980850239904984,0.5140842123736973,0.4930537031765436,0.5058757138402734,0.4990643142011896,0.5029419186737494,0.487092141262795,0.5054229472444779,0.4895974313426344,0.4934440197252983,0.5106217119386105,0.4915213739832056,0.5091832162902274,0.5043474517790233,0.5023147225464379,0.5258828474361891,0.4967993725717618,0.5223693904854696,0.4924678468011026,0.5071820663796225,0.5022739673056815,0.5174296139559422,0.497930247101776,0.5064369448640166,0.4659547442244618,0.5046789302113995,0.5059984220117679,0.4897897550155665,0.5157591246780292,0.4906091338502197,0.5151795148150888,0.5231946047474384,0.4962990526500369,0.4989304234846584,0.5045394172318676,0.5147180121111394,0.5317064421802985,0.5039606651209921,0.5001099752884313,0.4919996145987639,0.4933126853215298,0.4941982221457053,0.5086130240199237,0.4930634068295936,0.4994137049066647,0.5080670419355207,0.4874917758452922,0.5073790477181922,0.5087430177947495,0.5044636640672694,0.5053100091362046,0.5218527495703834,0.5202683757868733,0.5129474345433951,0.510599182317211,0.4984370376350263,0.5199499949255821,0.4941425484865247,0.5102382030823134,0.5061485300498301,0.4975707979830002,0.5085521049612806,0.4989863131998147,0.5056865634745987,0.5063256902397012,0.499354576844745,0.5010371606446735,0.5124769370582284,0.4976846567280135,0.5036948950168926,0.5206089288221989,0.4823338926974552,0.4934776322365585,0.5263719010158534,0.4943821496524387,0.4996239887074676,0.5025802714548725,0.5126730181498228,0.4976811568329333,0.4986934745544132,0.5094425376740389,0.5181739069649783,0.5113319920776802,0.5232646466129102,0.5066787286080395,0.5101753743952586,0.5047640370872241,0.5195166001483582,0.524186801843007,0.5356047760393445,0.5201402210118309,0.5062575326830174,0.5170239483051645,0.4997086362955603,0.502090654221664,0.500737554678532,0.4945253403465135,0.5184096106087925,0.4940281031798137,0.5049185689173491,0.5019901456199907,0.4894921924557329,0.5029679308938081,0.4885457809572756,0.4915422242940792,0.5094340765855464,0.4970897155366135,0.5063851183421672,0.5065318371973438,0.5432656413323411,0.5021506999105727,0.5013778190417797,0.5053419113030547,0.5177219680553237,0.513472079882928,0.5008049164531941,0.505141360533172,0.5083246657819706,0.5059521846513437,0.5296907219133157,0.4969273865910416,0.5232481806784609,0.4880478780635159,0.5158738517058102,0.5005992232780391,0.4898345364040742,0.5232524926460751,0.5048502132937095,0.506477199332729,0.4938108852571465,0.4910100194249533,0.5166449178959591,0.490101601185462,0.4938507253807175,0.5099252949576727,0.486543271680444,0.5018113964397009,0.5221299042048632,0.5039253488865212,0.49999192506698,0.5252048805909879,0.5105964511818178,0.4982095575727454,0.5076779916764349,0.4927007504736149,0.4891223226092068,0.501800963321582,0.4948440591296885,0.4996359375866324,0.5118290640598376,0.5049105860918705,0.5032666126436744,0.5102012021330785,0.508022704541385,0.5036247006172576,0.4909214423254067,0.505821533788286,0.5033737860222237,0.4846378719980407,0.5247256070873108,0.512744724432321,0.4967676138982552,0.5046221487458976,0.5142677273487559,0.5113204108193943,0.5027734196661172,0.4828620087488613,0.4948605765751687,0.4947046642593455,0.5105807145122754,0.5052600732253698,0.4881736757869593,0.4989718809979983,0.5035020898557511,0.5004578392892419,0.504252591507396,0.5140841054389165,0.5065025872201859,0.4956221144960085,0.4987009013656546,0.5124960819279452,0.5094654245026571,0.5097175824202841,0.497077581206889,0.4789881389538678,0.4882893619826042,0.5294544828564903,0.5168446696643346,0.5169735611422428,0.4960976819484795,0.5033274857649107,0.4930430792789455,0.4903881767899128,0.5111089303332988,0.5117256875320737,0.5094551424280338,0.51181142878456,0.5078191484523368,0.4908643247914346,0.528811457199209,0.5074538744424368,0.4993944286184441,0.5231957950564605,0.5020189394344,0.5154801109880593,0.5043103762855115,0.5152255327990731,0.4922326242774858,0.49332000043585705,0.4850958774257984,0.5004341831701539,0.5176174890139456,0.4953652152051255,0.5120651314486372,0.5223442294456426,0.5000047716444341,0.4946436682004021,0.5119932375680644,0.5093344740598417,0.5085967470496765,0.5015069382538844,0.497121746657321,0.494214014400739,0.5008970433575766,0.5074043055621366,0.4910875281734078,0.4828027173264533,0.5037755185654305,0.5240836087766207,0.4978129730482482,0.5179030671993133,0.5121327311714339,0.4981054475992331,0.5209521001421977,0.504069874704151,0.5177140399979654,0.4957565874090278,0.5163874667033262,0.5018574744137738,0.4996241170508842,0.5116389194643419,0.521974229905796,0.49347642957727,0.5074074602689308,0.5226464340167638,0.5074928804962913,0.4985145092147735,0.5080307017367698,0.5193994568939225,0.5219533115450112,0.5021306711679043,0.4830126582474701,0.4866880138748201,0.5056063478203905,0.5147876936880512,0.4990711539086061,0.4859268319423598,0.5035685376427093,0.5403503568008037,0.5107701488514028,0.4996142317246874,0.5079517846687925,0.4932857016811154,0.5296965750359957,0.5288202924747406,0.5088013021946168,0.4998126861317874,0.5140791998985144,0.5002343098716928,0.4930982689219123,0.5443030515966769,0.4959847060151467,0.5027693451927744,0.5038084853066276,0.5080309722799068,0.4982722226839577,0.4926771256229805,0.4953563811191992,0.4869599770546427,0.4992871544324253,0.4999577975460104,0.49588376116014704
2007-09-18,0.4951598359475531,0.529143662212724,0.5083676374830762,0.5106824718222096,0.4866731807394068,0.4961744145156424,0.5030471897788696,0.4802387501905489,0.5213467849809094,0.5089236703869476,0.4675703861659512,0.5076765596754089,0.48558190527453604,0.4911113256269643,0.5193481548166929,0.5084637673696482,0.4858006181159088,0.4837937448797976,0.4844379337250879,0.5033560134813628,0.4962196972746159,0.5000135052529786,0.5045919147710356,0.5132158787291379,0.511034820814792,0.505744623470749,0.4981050613325143,0.5003670754761645,0.5027863176356823,0.4855225129270402,0.4776469357260401,0.500354074603794,0.4873662314315776,0.5032423459543576,0.4931747652604031,0.4923208601252277,0.4865149188797432,0.5170941913187332,0.5010683880025337,0.4913295184849958,0.508414538597146,0.4863760444607109,0.4883365901600015,0.4877150727826655,0.4893158683804496,0.4943602432084818,0.4771914632129805,0.5011908685213274,0.4823897194938212,0.4901763176350203,0.4937684428217424,0.4982622660249487,0.4754467831420103,0.4985723381920804,0.5031583495174917,0.5099100735794755,0.4948552812108642,0.5108022420897607,0.48748444629364296,0.48388388357155604,0.5047074380282199,0.5068147828683525,0.4975331782668998,0.4970583616881973,0.4891584851315163,0.4948347954588355,0.4908950303879828,0.4845433235566253,0.4893666270806142,0.5009186981917223,0.4920932336335826,0.4752592892090073,0.5201266999552642,0.4880347107153724,0.4862082031667935,0.5198162807177975,0.4875327364774044,0.5124894696539211,0.4909889102723735,0.4863910609835671,0.502418371070659,0.4898413079878647,0.4856918678364112,0.5072082531521442,0.5049919345696474,0.489079339972285,0.4960228698828225,0.4877487158750229,0.4897440257222637,0.5042172263569962,0.499601454261735,0.4832261833065991,0.4925411742196731,0.5137684046280216,0.4919705840636847,0.5027470527552432,0.4957264695436742,0.4881571981019988,0.4976373949578355,0.4866238313000358,0.4959037526276836,0.4873390475774574,0.4933966293364549,0.5102949221646874,0.4891817016248057,0.4826589033480335,0.4947236178728474,0.4728179413996293,0.4774212106464548,0.504983786250512,0.4945148554864335,0.4845084863840782,0.4674872427836142,0.4923543346687677,0.4993187966881341,0.4997594056304664,0.4804693088105784,0.4588420886960618,0.4928484231572178,0.5108929549846771,0.4954865637258586,0.4891380077178894,0.4733093265477836,0.4932991270653394,0.485504149014984,0.4901470275259838,0.4736527164636837,0.493076407174321,0.4859585719069708,0.477107647680286,0.4771824532736649,0.4878937008887636,0.466000476657024,0.4729287573213054,0.4989306445149162,0.4892666478838618,0.5107361633402114,0.537787222380963,0.4988758283709196,0.4984944881333512,0.4861441315883614,0.4707944136190402,0.4948331261623044,0.4888614741462854,0.4785295392143352,0.4900099909882543,0.4796958502346324,0.5021891805578294,0.4791539221804683,0.4976980663318224,0.4872244490724585,0.4818698256812643,0.5077925876736589,0.5113389670789266,0.4908576906660386,0.4907712306925898,0.48206760063401705,0.4719982046935456,0.4939590275142592,0.4909357620459662,0.5012365775604122,0.4894254671121979,0.4851531683094552,0.5023566419757679,0.5082739367510627,0.5048437229950347,0.4936919000870268,0.4998283083529397,0.4851592818718246,0.4977728908593441,0.4979069681971302,0.4909791326051563,0.5040542167567976,0.4915935314819228,0.5048627023266925,0.4874599896538349,0.4858471280256696,0.4982622660249487,0.4897041545178837,0.5012021839846137,0.4849595060784921,0.484409366647707,0.4937458296371885,0.4968730484318839,0.4799397709746929,0.4883357620127714,0.5051496047630023,0.4858647910635757,0.5016247556038788,0.4786750551419048,0.4862505407639001,0.5257239662251335,0.5000358600296347,0.484395186599848,0.4871419551122342,0.4837379742995697,0.4943308012386563,0.484135212649039,0.5120148987512602,0.4897286759836436,0.4842422193638455,0.4839773411798438,0.4899383444964227,0.4911084160447761,0.4934899819311208,0.4947183880584033,0.5001130009822173,0.5007252143237738,0.491254820860752,0.4765122451363665,0.4921048359457749,0.495011992316745,0.4910056654244712,0.4944260261190393,0.4970369209107357,0.4791159174103921,0.4943990895464426,0.489709105441681,0.5007148663482378,0.502745638447192,0.5053181004534995,0.5083243317275504,0.4715994961274076,0.4827992298018752,0.4866936207506225,0.4866098690288264,0.500742687473482,0.4890562681287507,0.4889449708753459,0.4970742644730578,0.4769500101466964,0.4821690895352088,0.4883154716255613,0.4821088983871061,0.496035879881687,0.4936018871207638,0.4840973154676251,0.5047956451840963,0.4925826250832201,0.4797626787838502,0.5193829063102258,0.5036053803007422,0.5174790470983266,0.5143920114614774,0.4872550767091096,0.4897159386393075,0.494442317911656,0.5090340706698868,0.4945253824368456,0.4848088636519564,0.4983506038536226,0.4844555937926767,0.4949608812726947,0.5035313253850439,0.4641745736696193,0.4950313241099238,0.4893541892572708,0.4826070195653454,0.4669272038623225,0.4793876735828593,0.5021959758555528,0.4889661394984639,0.5079425179164744,0.5041135425145938,0.4978197743657881,0.4942940649974632,0.4876124202727179,0.4845903506567648,0.4827470023152067,0.4794367192602314,0.4851540468950447,0.5036733056947778,0.4712692854888867,0.4855162346017713,0.4847398924295898,0.4953816108736175,0.4935430036341245,0.4881974283359552,0.4837107008003044,0.4825096808287474,0.5008319514311288,0.4951203164836858,0.5018999315886198,0.4955596811782134,0.4865273742523155,0.4653911986229404,0.4916087981233361,0.5007718726875002,0.4800871960541177,0.4811562725682856,0.4953226784128522,0.4946638698920874,0.4901862306420141,0.4739371039718917,0.4999897707979654,0.5007092657517161,0.4866229233302101,0.4693852991074163,0.5203996379874628,0.4867474912798544,0.4931713072970445,0.4953473562923729,0.4693841105498066,0.4806470683479872,0.4678484029667047,0.492441000871458,0.4890644810963238,0.4935806384912541,0.4837385257385925,0.5074292487108064,0.4915530694446885,0.5033774160008354,0.4997029732335421,0.5058297249804604,0.5038215351092801,0.4858838126941795,0.5041420609358656,0.4963343239424322,0.4913195811352236,0.4962867338271525,0.4957810952493419,0.4814449568778283,0.4868746100113782,0.4874517775303717,0.4833972205744018,0.4913685025819097,0.5020704903458606,0.5082704525155215,0.4888984691806978,0.497372222625264,0.4761839534980814,0.4758984186639528,0.4809292581329232,0.4743959567727142,0.4804732716571229,0.4902219155431199,0.4932209473625834,0.4963464224041388,0.4926120515125314,0.4860408222062058,0.4984950104281329,0.4976259003167186,0.4888689580930816,0.5111536712621684,0.4696032283691669,0.4671734357784068,0.5128017383430692,0.5053427084028563,0.4925145369174687,0.4582781082924231,0.4890542916865682,0.4829928038738233,0.4915442544706101,0.5083855176118016,0.5075916007493593,0.5101026208212665,0.4815785873716214,0.4961638555243767,0.4975303765609436,0.4953585096233144,0.4969045791797742,0.5105164699061017,0.4740745008261574,0.5001328182429414,0.5195360622478798
2007-09-19,0.4944322876037114,0.4918732984494613,0.4890741500678541,0.4949590690460282,0.49324005382665903,0.4996833816533346,0.5068429658009531,0.5053926797453596,0.4948807811942954,0.5087511285980867,0.4989065445205565,0.4959547066802175,0.4941829655482787,0.4889221273311902,0.4943468417581736,0.5018423898329925,0.4915318138370406,0.4918985294167364,0.5111804370156076,0.499495540744366,0.5092512319849707,0.5066698670339663,0.493841268574196,0.4751481593833908,0.5070168004108829,0.5019003807749183,0.4963233314005414,0.5080591746553115,0.504313419389441,0.4894314781973269,0.4979779800033201,0.5092244110170905,0.4932650801363856,0.5059130417558392,0.4893191399067662,0.4867056538591091,0.5016104433420622,0.4942817673980921,0.5158434372139464,0.4941833125481568,0.4958897310375218,0.4958512027629147,0.5022850966273189,0.5080846949696122,0.5038479535077955,0.4866883520687236,0.4857487222492163,0.5067120782403869,0.5106282036817649,0.4904671231688617,0.4975956890162763,0.4915186432424109,0.4924036282160791,0.5049170848916246,0.4688938188821968,0.4930380408239136,0.4889028208204551,0.4993627611284449,0.5067832236248371,0.4887196167962306,0.4916028516515649,0.5024440915428302,0.495655736451243,0.4799438307318669,0.4958116171920885,0.5010112320088373,0.5058608695268711,0.490403170665324,0.5000577817727443,0.4987356412746986,0.4975840362815984,0.4872758456712354,0.4867030079983625,0.4952391411833974,0.485879162589056,0.502832820251009,0.4915635619101826,0.5050152642109262,0.4786440507518519,0.4891712697581575,0.4943018508890016,0.4824638427837029,0.5089264479285941,0.5049395086378017,0.5059878481492855,0.4980626656740626,0.4971672473115986,0.4960811680520342,0.5011513583904911,0.4797106714173404,0.488612747623766,0.49579280940076204,0.5138067965525851,0.4933096024638514,0.498503778647224,0.4731429477589577,0.4973167983611578,0.4934294436021658,0.4911707865673396,0.4949121011722152,0.4919572097983717,0.5032331692038586,0.4984625373886402,0.5050285892410977,0.4885655592674172,0.4846658356632004,0.4870045438936861,0.5001177588473846,0.4953073700354588,0.4937516281692991,0.5085874376050126,0.4843185508300594,0.478504129751051,0.5087807359765762,0.4940464444822649,0.4993313886603672,0.5000106238479093,0.4932280560113845,0.4986327688754094,0.5021723078664962,0.4963929623426634,0.5040075127392137,0.4767852505808114,0.5067164284948966,0.482076542898099,0.4983780821498098,0.4945198255681125,0.4940042897365273,0.4975634771761153,0.48516513121298,0.5023139529966059,0.4972873537490524,0.497563613940452,0.4934297226423019,0.5096179331202739,0.5027106962902846,0.5048273652358942,0.546882451776658,0.4834726077306328,0.492299306746413,0.4976664081662492,0.5068315567914637,0.4982665519332162,0.5056723337131772,0.4921847795303434,0.4903650095452813,0.5003744548045223,0.4851521329902082,0.4893445459365062,0.4841484814001764,0.5039822181828121,0.514148724561219,0.4880179396630791,0.5037086919911303,0.5129819428450394,0.5006827598521323,0.4903859172055372,0.4997423362322175,0.4993716560917213,0.4974578689924154,0.4928836774801538,0.5170894574934968,0.5021990526432896,0.4849330765952717,0.5070403047603529,0.5081565028173949,0.4915570484487942,0.4998213908080569,0.482351567168777,0.4917819517823537,0.5105331568453583,0.5031020824588835,0.498832922596309,0.4890274230340722,0.4927560524388844,0.4862960013540098,0.4725152283760087,0.4915186432424109,0.4930788633681306,0.4854943630404524,0.4978992169342032,0.5009488159819633,0.5085262572772733,0.5167390590902646,0.4936916432427774,0.4929273444104388,0.4937448669655336,0.4933618144559949,0.5144676667008109,0.4788588071239832,0.4940556108388758,0.4998597210560448,0.4950697528095491,0.4963355320173557,0.4880442320900262,0.5011280583403939,0.4963899718975001,0.5082152867174564,0.4932165107796881,0.5126855836533813,0.4974279061178896,0.4830419006846761,0.4898357674486604,0.4945210609424707,0.4899758430179733,0.4825552785312306,0.5104931432575643,0.5134106189940135,0.4967037377907288,0.4842036046129681,0.4847657957591277,0.49272715750556295,0.4956008814736896,0.4860542381889406,0.4908929995529082,0.5001473997703152,0.4945364702313946,0.5101528275533105,0.507504984268316,0.4993786991020437,0.49328563139304,0.4952138395644264,0.4851105246493493,0.4820125805371226,0.4650253615043792,0.4904449813060705,0.5098211593472229,0.4881102316706331,0.4948530320460885,0.4954876158905308,0.48819140325361204,0.48428882657840205,0.4993384917233053,0.4943116713718471,0.4863578030350963,0.4942883024485648,0.5148264249704945,0.4978722774142218,0.4898926429421664,0.4899478399790637,0.5224572740283309,0.4842902872605732,0.4881178738185112,0.4828793703373014,0.4981116720974556,0.5242658673794214,0.5252127953551482,0.4987861839566645,0.5173686150937009,0.4937730250453314,0.4948102283757328,0.497151812020688,0.5091689045534292,0.5002299894456249,0.4972571571222055,0.5092037478005829,0.5055941331085104,0.5087444234586562,0.5004872642067897,0.485025906898683,0.4975031831590716,0.4947455163493681,0.4982929782213812,0.4968412325427225,0.5328470000135542,0.505989848182844,0.4897604978499179,0.4944035269745186,0.5167403114463043,0.494052843285741,0.4864544346184216,0.5043568806333458,0.4956096775575288,0.4910099843976164,0.4887902205402994,0.4861927930444898,0.4897118065942453,0.5060498546508215,0.4891183761388951,0.5070243328891786,0.5032503119075592,0.477963458210758,0.4993487499438192,0.4926782016115009,0.4891613391281092,0.4877555708327394,0.5042388814943846,0.4990725938585822,0.5026893533553669,0.4960698973456335,0.4863129196943754,0.4925953293580705,0.4892396426876937,0.4885380713650425,0.5132706168057369,0.4881494168787514,0.4981727690977448,0.5013915171865825,0.4829347680270753,0.4865351888591551,0.4936206087534794,0.5094459312818113,0.4965170328751941,0.4952834116390144,0.4940265957082847,0.4809099710603717,0.4784822118217639,0.4947301670940558,0.4991573025026471,0.5073678680348517,0.4963249789264094,0.4915173376840139,0.5039570857608406,0.4879568129471075,0.4990005752341353,0.4952141337459103,0.4858858255482511,0.4740840398152907,0.5072422374450241,0.4952165656574111,0.491287481698519,0.4810368633221652,0.4949221675135823,0.5049048139978228,0.4910413403900893,0.4944574797654073,0.5128718288143927,0.5141484910176929,0.4993901482727007,0.4995434170573082,0.4880760257838017,0.4886160090600337,0.4936151172219614,0.48835384591170505,0.4854128155903355,0.4944052283892875,0.5024948360319557,0.5053125164485911,0.4955648330707848,0.5077324682346706,0.5065783670866948,0.499671959513842,0.5079888898647067,0.4837831905407026,0.5149078088165033,0.4884590453335447,0.4795169819449706,0.4762837415409397,0.5107027631135789,0.4912945544674854,0.488612974710283,0.4828543691526169,0.4910182971609242,0.5021657765940349,0.4908308618630775,0.5030412170627115,0.4882230252924908,0.5116856139093361,0.4915510511240314,0.4847230596497509,0.4848958625614036,0.5010319402806428,0.5099915264107387,0.4883280039271655,0.5056323576629789
2007-09-20,0.4988863674899489,0.5079842469497314,0.4854627748124161,0.4904738995773424,0.5086496047743085,0.4980678226397586,0.5087897761400805,0.491703689987507,0.489731164536274,0.5088813788683108,0.4828186362823378,0.5082164644410248,0.5029078970340103,0.5087648087220953,0.4965727239614824,0.4922281324172762,0.4980168377021959,0.5108417792486261,0.5154277302841814,0.499862547077179,0.5078322119367547,0.4960648613896912,0.5165428700477008,0.5059836895017927,0.4849531145368874,0.5204619914165861,0.4981477794508794,0.5057800530118598,0.5152032426334817,0.5008660594410143,0.527964534974694,0.5038887099668667,0.5100103100914403,0.5000945602503243,0.4943494939815022,0.4824400336565488,0.5121367719959372,0.5157922790408056,0.4921041374933491,0.5016235221036497,0.4838466933093716,0.4945472607093113,0.4951093379343963,0.4875917183129296,0.5055743293105319,0.5087264987641993,0.496970733380012,0.4991900336869535,0.4931631729260904,0.4913641432911928,0.5004657375895912,0.5036428191748173,0.5022971562047279,0.477399526180368,0.484308097892875,0.5125569844936617,0.5041155208616185,0.5060295799361193,0.5023901813642402,0.5112295914576375,0.5037155871576459,0.503798249680576,0.5163544573694495,0.5121307137565264,0.5210412001737238,0.5102269220034189,0.5064995275388374,0.5043027817473302,0.5017185589912003,0.5138141373158402,0.4981859367432443,0.4956621350805746,0.5032529614213282,0.5032246181810442,0.4986202338259312,0.5086868067937779,0.495664774268867,0.4909696803480102,0.5162558773122762,0.5011627948472882,0.4911230482054427,0.4842249970491371,0.48966698703389294,0.5132591894323387,0.501377632345531,0.4976405816866515,0.4977208634775816,0.5010742334011551,0.4907151953108513,0.477088802818992,0.5017778959180123,0.496505173529452,0.5016460790909664,0.5097075985075655,0.4981685148338368,0.4938370894548846,0.5064948147358654,0.4956557146995608,0.4986231853236547,0.5024327689042236,0.4854320367411928,0.521007559110381,0.5163775801187921,0.5090875320327067,0.4973690929582341,0.4956630594519642,0.5009082161064159,0.4980267822602187,0.5037131921941844,0.4994860182160801,0.4976926237444648,0.5005110047984737,0.5063244203048548,0.5008511022864994,0.5020571671064095,0.5145809413380876,0.4993030057303151,0.4550628808651877,0.4977814139278589,0.4971299564861262,0.5158316398843567,0.4965362063558623,0.5126983704326251,0.4902672405974789,0.5086726400321335,0.4901450300805397,0.4886322403245174,0.5265422954159499,0.4937022184800082,0.4877663617516251,0.49497256516856203,0.5246255462251623,0.4825720989439074,0.5098146525633681,0.5152511673829948,0.5046263419119034,0.5065615644458956,0.5189833691804211,0.4903501931361602,0.5165457646048351,0.4893640241142714,0.5141481424112905,0.5085276101185386,0.4987924005647698,0.49907056479823997,0.4995235271722959,0.4928914006421605,0.5075849847929879,0.5006134721811951,0.4929986481009465,0.5063246595087383,0.5126995433388657,0.5125507449435537,0.4955087618040832,0.4907605644238143,0.4905362475467952,0.5124745092361763,0.500420085574391,0.5009932249955807,0.5125879740166384,0.5056827066627833,0.4961581417866108,0.495262212803251,0.5201578441693663,0.4793690510788575,0.4956127409348853,0.5077193822854255,0.4987587932923733,0.5070585008317862,0.49902398052292896,0.5138354839985763,0.506680185218013,0.5151476449988838,0.5099359135295809,0.5057884702887808,0.4975624934412175,0.5045032376053801,0.5036428191748173,0.499941364472503,0.5163864340050031,0.4981056488416039,0.4820931881499603,0.4950846476142756,0.4884041579647344,0.4976563094319712,0.4995460416205148,0.5068279141920772,0.4953452772529478,0.5065377699068487,0.5109127552998375,0.4863559984098111,0.5074319335172148,0.5197410572408386,0.4969386313488614,0.5077332943314921,0.5110882017621156,0.5091744307801565,0.4972296337261368,0.5013660816910077,0.4972847413974911,0.5094006634228728,0.49636567627036293,0.5085941103122902,0.4940414117455499,0.4979292923304139,0.4831258051748065,0.4878368992703787,0.5170205968469289,0.4892592051785367,0.5177553345098637,0.4823930717691576,0.5196622382540977,0.5023313051946199,0.5328859810273794,0.5042890313758676,0.49092193153903,0.4906554649249314,0.5233279805347024,0.4740800797069145,0.5110481328163644,0.4921048129869805,0.5006785161722632,0.5048556289237343,0.4920661313812346,0.4875223588208726,0.5012172470646156,0.4952581264827661,0.4877694199387749,0.4921414008539784,0.5095294932691261,0.499461745253466,0.5010574111685141,0.4980266603168689,0.4925453101870752,0.5166963498621527,0.4977324262532919,0.5131025083911485,0.4956822164095237,0.5006830968463585,0.49230552336621797,0.512809251968983,0.5043802631922761,0.5039903247898934,0.5063621395353867,0.4863411622224576,0.4978954861530753,0.5103577474718421,0.4954462783047965,0.49248196668193395,0.5091066961411398,0.5006608402181869,0.4737349807810272,0.4963964655892972,0.5124636477237324,0.5152999735558184,0.4976078678480614,0.5006406403084439,0.5093436310802998,0.5021751024248413,0.4969116018773546,0.5257354347782438,0.5127344040380738,0.4986322768041462,0.4975578167603077,0.4979811020108904,0.5003018044046915,0.4998592865304451,0.4938527533562278,0.5070012868223338,0.5028111798517347,0.5142900561119446,0.5023827670842138,0.5152144484319668,0.4834468384929677,0.5009847765564585,0.5020774780265926,0.4882955483943645,0.5075661855463203,0.4914334628021438,0.4972154512142709,0.4496277114726009,0.5024077903131634,0.4949121552756517,0.4913950016135834,0.4891351577841701,0.5187714661657512,0.4683137636011195,0.5123349568030404,0.4983199962340818,0.5024002628902474,0.4908207613024529,0.5033171652292577,0.4918042951966541,0.4870530475628219,0.5069255167027994,0.5031602789191129,0.5098706627446375,0.491956358641524,0.4997685028792525,0.5152991610946641,0.4921395265005618,0.4964995943176152,0.4936394318272109,0.5051920438841445,0.4913326733481817,0.5004041946895412,0.4953951417593666,0.5047635784419053,0.5194339613365176,0.5378765501289383,0.4968133092544547,0.5220004869798297,0.4978072193811458,0.5227133754526301,0.5104290586702427,0.5015464250258238,0.4895108444558313,0.5088563133190852,0.507217906107049,0.502019910885517,0.4733000649505105,0.4809617910884143,0.5016902819767945,0.4974916572317489,0.5204622024294371,0.4961880334125015,0.5175190775973411,0.5117273942529561,0.5242099898004821,0.4977524517118526,0.5043998740886844,0.4820252841058375,0.5052826904865348,0.4970110515540432,0.4938126131902661,0.4949771934041759,0.4944879045892017,0.4891274836670516,0.49884711740658,0.4791061123216022,0.4967562906465496,0.5139976020471655,0.5333865221402844,0.5070855571215254,0.5227664164004794,0.4974378500503622,0.5101741037857722,0.5058012844759399,0.5192022709468882,0.495841370020478,0.5070939890562361,0.5094893582588699,0.5075430254925221,0.5093946191622696,0.5010245476057926,0.5024790300293167,0.5019610675463945,0.5181926732652697,0.5076310444526562,0.5032325598831467,0.5048250419284194,0.4964478644566806,0.4943609899958584,0.5058684878160983,0.4895620957131194
2007-09-21,0.4965308331128149,0.4867406543159861,0.5030570281412713,0.4892843145475891,0.5153609277019193,0.4871521495032674,0.484456761465526,0.5066857853362996,0.4908620035288516,0.5019343917195542,0.5005724793849238,0.4838268643389464,0.4862630063417766,0.4853922394170965,0.4946575747364528,0.5007317166893375,0.4840010614973818,0.4773388072730203,0.4762464016846094,0.4914839274493314,0.5103467311772782,0.491693236111241,0.48717139225909295,0.4911480496864716,0.4909328179020209,0.4969629867608778,0.4865366060913566,0.4888291424609823,0.4834973509129998,0.4951111728646847,0.4907442160240373,0.5024663093641826,0.4826821820161078,0.498738478553263,0.4780345160138917,0.4960230905045953,0.4869651527911938,0.4921960060263469,0.4991474388107468,0.4899850488326066,0.4960480033328528,0.4798489669929867,0.4899707466910585,0.4840946028724374,0.5157607419573068,0.4819895824777724,0.4842736677248205,0.4916408539039141,0.4920450375705348,0.484842628746865,0.5103026094234596,0.4875165087038309,0.4964720729359522,0.4823897515378073,0.4891102036542698,0.49192182743649104,0.5085805271041883,0.4849751133273015,0.4929596970555037,0.4989293060081778,0.4863145870493894,0.5021082549035973,0.5013051672072663,0.4982902516706602,0.5225432807509789,0.5213724512322812,0.4772486617344258,0.4946774468492487,0.4835377676474891,0.4889494965375991,0.481948441226832,0.5001272956467967,0.4687259785164558,0.4961800932264111,0.4745681727541393,0.5010391356709635,0.4911397034839694,0.4963816844760314,0.4951467069971145,0.4990351862954953,0.4903475017301021,0.5038174036568367,0.5032742550872527,0.4958990017844043,0.4921259875424706,0.4945177343068306,0.4841048906741526,0.49107052483069,0.4989903759359231,0.5152454584889854,0.4859859520122989,0.4855553304806848,0.4975847411224522,0.5014867320714866,0.4821844789948674,0.4871235755572033,0.4839292787218039,0.4944467313688438,0.476896924608003,0.4908180569058361,0.4873188191649008,0.4783259949007838,0.4895802116669349,0.5083328259037382,0.4930264597375192,0.5041847170313875,0.4840493430325834,0.4987434765762506,0.4934453688004035,0.4784539690217223,0.4953970121612614,0.50355987574274,0.4760536961876691,0.4808356539414375,0.5047183200584081,0.5058816745769764,0.4833296969102652,0.4807549668436918,0.5102168075526855,0.4959730645963602,0.4930871292985546,0.4999047718432376,0.5101694220318144,0.5169341652254965,0.4937093193855088,0.4972136959446395,0.4781659358338116,0.4853264729217811,0.4789116456229926,0.4888001254481084,0.5064949341984458,0.4921993951854983,0.489762558977871,0.4816928969545876,0.4845684078169487,0.5034687228072392,0.4905215955315612,0.5271216704978319,0.4895952609564052,0.5055437704087485,0.5033643293566884,0.4883596669363176,0.4920823807064165,0.4942201131804385,0.4761102868878666,0.476707731265129,0.4952763654268443,0.4871957061190324,0.4709782845559236,0.5083296332265816,0.4909295646413716,0.4819745349205787,0.4813618205223297,0.4927150783589296,0.4900319729580794,0.4866182784523234,0.49421056913091793,0.5112335966860461,0.5100430066114976,0.482003074496855,0.49874162957658397,0.4934998083794098,0.4868015939074904,0.4881630775631678,0.4876475974710922,0.5025048956094461,0.4948265016315327,0.4780883875178802,0.4957103094573612,0.4906400218598691,0.4934822969105387,0.4857282487673336,0.4862797069232283,0.4836577407267466,0.4948931911708192,0.5010192179191787,0.4922683752304526,0.4875165087038309,0.5099792001708164,0.492815750802466,0.4990468074265035,0.4983736974813081,0.4870771315203855,0.5061779525701872,0.486347944208314,0.4966199679108521,0.487802375770177,0.4950510535036908,0.4726172723514541,0.5200054104682864,0.4853044343776922,0.5085507566845879,0.4967065482655993,0.4943735173021696,0.4837026610327735,0.4971737863344277,0.4995591379604173,0.4905002205402855,0.4960599622054141,0.4906012711320084,0.4998322019066702,0.4599255455180418,0.4968549663318912,0.4868795606768814,0.4886826773264406,0.4825686473154019,0.485701155476008,0.5002391307450468,0.4932573079880544,0.5043871846882313,0.4908381828657398,0.4700120221613444,0.4858243290929101,0.5041466686174294,0.4827686479444117,0.4952551531582897,0.4885896835881473,0.5070252174966265,0.4910518576592343,0.4969329885175291,0.5042862068506281,0.4867269997345964,0.4758799821596619,0.4943697401018629,0.4467799212657004,0.4997250217239872,0.5214173564920879,0.4840081591645657,0.5042361928362055,0.4896363655295855,0.4894043463686792,0.4907424695652394,0.4840167782919478,0.5050763688748895,0.4993894715000943,0.4811008496051466,0.4927249784515318,0.4992632632617998,0.4911897019627519,0.4880003226626001,0.5197797447636209,0.5245718757351907,0.4866537721364012,0.5027314880860025,0.4787441421052664,0.5060514846639789,0.4943445719461853,0.4911428484824442,0.4811018151077075,0.5045933827415126,0.501399742495269,0.4959351375572001,0.4805376982652289,0.5025267700902388,0.5136163118261748,0.4891235561465379,0.4893188516269302,0.4969215634715747,0.493976307203209,0.4872947121153196,0.5039528047817179,0.4755338543779938,0.5007396166590262,0.4801397740155906,0.4865236822043398,0.4894280990156374,0.487529485394998,0.4858030126229677,0.4894045860947809,0.4881329721409925,0.497781875412754,0.5045178156516016,0.5021874017804789,0.49131114458782105,0.5051175512934394,0.4705476568338241,0.4851555570023557,0.4978823144996268,0.493273521380303,0.4968521310629457,0.4806980104197159,0.5091122207957958,0.4939744849540508,0.5056353864369558,0.4787186422249188,0.4752801929394398,0.4869555815533769,0.4872318711001939,0.5252283215296187,0.4937846772203687,0.4809652582575369,0.4962888920294571,0.4957203343728526,0.4933810254864789,0.4926015535810631,0.4937334755188806,0.5027956774370577,0.5055393279407104,0.4936469765027085,0.4976052806737967,0.485934211057923,0.5019776009351923,0.4960631922729919,0.4881092850050471,0.5116050513600302,0.4806754190988349,0.523841331334371,0.4901026686902704,0.4778482317588548,0.5039124597481293,0.4910479916407527,0.4863308897983061,0.5090346334069039,0.4921393794754933,0.4989330778368916,0.4898371340873024,0.4981609736738389,0.5234253004415443,0.4970439104225511,0.4927273413026781,0.49913746687536004,0.4941616926536397,0.4752890720349925,0.4871480600957828,0.4868615638896404,0.4953010882042521,0.4898143162737595,0.5297531120120097,0.479733944751144,0.488520540043287,0.4930914970804056,0.4811766637906805,0.5052581506218495,0.5092888599386406,0.4874686550286813,0.498204062256781,0.4966709353462143,0.4999296385948999,0.485256981781755,0.5086053409274016,0.5014910253203338,0.5129055083099033,0.5323753483972137,0.4858218432243474,0.5112538793703448,0.4911683021029938,0.4929762215073121,0.48333544121714794,0.4740722793882094,0.4878855362106456,0.4895584984685351,0.4940460415814002,0.4824970141075943,0.5088268429663839,0.4963768757687959,0.4778345036708342,0.4986972561961782,0.4655096423762785,0.4924918247266806,0.4817049683045468,0.4933576918406553,0.5071851446468914,0.4987631487210658,0.4865902137690531,0.5230093134149172
2007-09-24,0.4969305715932402,0.5148138397054925,0.4934840595681663,0.5019774559128378,0.4955962622629514,0.4841806142194496,0.512346893628969,0.4844789002644931,0.499841000042983,0.486739983296148,0.5029127744226128,0.4978008555620289,0.4844687635877082,0.4919982767569634,0.5326217852277522,0.5013213173042332,0.4950433936070677,0.4935265672368485,0.5126719855636832,0.499489590598975,0.5185306702299927,0.514466960910593,0.490465701202281,0.4998245772228724,0.5006098042545762,0.4966029512140744,0.4924664495216582,0.4988867743660134,0.5135326737864278,0.4959454456216205,0.5084633053759093,0.5134565061085475,0.4996992977836545,0.4975472849190303,0.4939790878796097,0.4850092614203042,0.4843161509121974,0.4919904755316738,0.5178228275461557,0.4943997585106119,0.4901455980392287,0.4941666830970679,0.4914314563724369,0.4901919105617839,0.4993706244433914,0.4885587377519297,0.4985923419646202,0.4935324722344754,0.4961325843553588,0.49738394560756394,0.4874288783431288,0.497163985467204,0.5014957325646272,0.4979182102183362,0.4782597304873456,0.5289134024701257,0.4944599227266107,0.4962841994670647,0.4995496294487962,0.4904436126742662,0.4968262056079706,0.4922371668458856,0.5095031131318517,0.4984063103573423,0.4885357459580192,0.4948465456144477,0.488096670080509,0.4969782849857326,0.5026977346411295,0.4947240402503842,0.493746176614748,0.4965737261954774,0.505543606624351,0.4934137136004457,0.5064345886536182,0.4936600760532154,0.4994557171003405,0.50614861353232,0.4721404211327643,0.4925462774849312,0.4944847310198011,0.5010206471522995,0.4841708221414822,0.4932818043152142,0.4950258888376057,0.4933932702303483,0.4865980173802052,0.5007207567660525,0.4899028332223441,0.5060805449045214,0.5047473071562155,0.4894041809115302,0.4869354754569756,0.4955236444601869,0.5043052423955038,0.4936221887937859,0.499036053043985,0.4976177339882362,0.4844461656837732,0.509869225311762,0.4987764039264487,0.4932612152043195,0.5021346048770047,0.4914389522436589,0.5023917273152921,0.4954442325352025,0.4998273488476867,0.4801959625122635,0.4888908839113181,0.486023545258622,0.4907526643708874,0.5078222094784923,0.4766325276474021,0.4988476065698565,0.502713602201365,0.5015432558478848,0.5038447124615548,0.4796178253830018,0.5023183874621501,0.4797963274101836,0.5024108607272184,0.4993559300081058,0.4969591361288516,0.5023756899625138,0.4940138860069463,0.512729379264848,0.4818200703069101,0.5003901634057678,0.4973502586642538,0.4924794944441554,0.4972673750450036,0.5236822792580268,0.4958537369357856,0.4914059775295654,0.4943712010003882,0.50388207630806,0.487757730480657,0.5286954953140128,0.49240203417748896,0.5054808501513316,0.4891161126469393,0.4939989773026665,0.5089195170843128,0.4912801854390895,0.5088445203022056,0.5060529976418777,0.5042706778747662,0.5018742564630972,0.5017401749881858,0.5084391361195141,0.4880588547911436,0.5008902341958442,0.5040590660883083,0.4856481210739596,0.4949881028638798,0.4955759244466431,0.5073600822233094,0.4873579144597703,0.5008318054697396,0.4968667117670483,0.4803984453706958,0.4872455514258479,0.4972426971037442,0.5127352379613854,0.4858595503480868,0.4808128531820062,0.4908233847130503,0.4974672687536349,0.4874440942410031,0.4989839041592143,0.5094387640829505,0.4994867007432896,0.5123526796184914,0.4991935868952954,0.4978197909316754,0.5064327001842676,0.5055409476902725,0.497163985467204,0.4883550975020992,0.4986758845959678,0.4870777563419799,0.490054358280549,0.5114881774316972,0.4985717916247378,0.5067537948897677,0.4953841835594087,0.4941337662521885,0.4960450980023583,0.4848554329942684,0.5142159119249631,0.4979980955992758,0.5069486806942063,0.4904191615313421,0.4931867165014377,0.5065791063625162,0.4994439611890669,0.5002226207910427,0.5014162971608506,0.4939754710317235,0.5034615855550298,0.5013513377777553,0.4843976709215162,0.4901138048002445,0.4922957404593306,0.494373621720669,0.4889453284070032,0.4910564676977532,0.5012087759503302,0.4944932895097012,0.5030391785061712,0.4963518444463839,0.4907271121951658,0.5097390224087335,0.5192011894296179,0.4900388193538385,0.4940347452253936,0.4969447673107995,0.5134951574862131,0.4910928630256392,0.5228091851319274,0.4986761093623232,0.5192933910886367,0.50012858885289,0.4970870405086179,0.50808655962645,0.4884798828156409,0.49529717458512607,0.5029474434617929,0.4839031685585069,0.4995599124095074,0.5032141804723409,0.4878279630091713,0.50054474450101,0.4907349979775461,0.5080078855181569,0.5027263380021766,0.5083238464520429,0.4891911585454654,0.4915058265408536,0.4947630713055962,0.5048044515216092,0.494324975064392,0.5050060106380714,0.4941205781847272,0.4771896705633765,0.4994461571561995,0.5023207792645046,0.4975565537779748,0.5006610032242441,0.4971230909900509,0.4855235231746115,0.4967643020623813,0.4988459152310866,0.5137377886048102,0.5111473414033525,0.493088263918721,0.4999457886969086,0.4998711708814341,0.4962726222010831,0.495667410383443,0.4981197272628686,0.5003945549858134,0.4983298669779344,0.5107548990392372,0.4932366463668182,0.5115461332079212,0.4887501715349519,0.4850594036264506,0.4923041349030924,0.4975800894037064,0.492116306936552,0.4907833001468066,0.5104789573441672,0.4963407902125995,0.4960979275302141,0.5080779931925063,0.4913701593532022,0.492037033621518,0.5079067717664916,0.5033724772837979,0.4984885051353175,0.4956375060579635,0.4954788409755089,0.4897606341917589,0.502908719015618,0.5188454198644249,0.5239457208887438,0.4914060725481015,0.5024621653498372,0.4953110563914456,0.4904048202779785,0.4863001026645501,0.4904252193979146,0.4929420901738898,0.5000699607509365,0.5209764453954764,0.4980720623000348,0.4990997426842044,0.4806738672157329,0.49197153633348706,0.4958082010795408,0.4939943156923838,0.4903883708438908,0.5125490928356417,0.4830054153071434,0.5030148180402639,0.5014809520726788,0.4967227043082951,0.4952518229239976,0.4880636982965214,0.4953723255661893,0.5089703193850033,0.4925111316947404,0.5054137681497893,0.4934555305897739,0.4931705794276286,0.4947302338729657,0.4942009269818066,0.4925648357630104,0.4917597218179608,0.4922775061037206,0.4854105657680438,0.4936422334729397,0.4890901588942904,0.4873025922775974,0.4952381274398142,0.5075368555308132,0.5203570146376694,0.492879181116681,0.4980460733082728,0.5083175329474462,0.4844782537461632,0.5113630015326235,0.4862314455521876,0.4846989288841349,0.4860577558416866,0.5070092582675039,0.5149562045564491,0.4972944516999549,0.4848450992109203,0.4981607541083549,0.5033375223420197,0.5125053863297602,0.5010970540798776,0.5092184131069243,0.4863253244314024,0.5022951087420082,0.5074324032874357,0.5048276110553693,0.4731347654079238,0.5263874807964362,0.5022487778059264,0.4973678847408713,0.5140304193296107,0.4827047225336271,0.498626007010111,0.4981472510658829,0.5067927320615098,0.4991778667743372,0.4889939799428648,0.4808762432398736,0.4961003302173207,0.4836826861371405,0.5021715926577701,0.5043238618096966
2007-09-25,0.5055477791883515,0.5049050475635748,0.5057874164667515,0.5016639163022274,0.4953836372005233,0.497672368821821,0.4960182375474242,0.4973660336140969,0.499561640623468,0.495837743680622,0.4917178807592584,0.4932377009974136,0.4840707713312224,0.5188694636218009,0.5024044076431784,0.4793044714212598,0.4932290619427755,0.4919888286449562,0.4937450471436274,0.4915349385811696,0.4984083239507845,0.4914035162902349,0.4979021911419637,0.5128086556756358,0.4918868403704934,0.4994109630242343,0.4892457252192264,0.5100144832206489,0.4982433668383058,0.4994234816643389,0.5102120230002778,0.486401035129192,0.5060591614686163,0.4921790644810562,0.4794796008900744,0.5219724075123178,0.5219438335502288,0.5143104839909797,0.5013016407646282,0.5023861939433967,0.5189258219160837,0.4863522236464787,0.5020257504020488,0.4640464477551859,0.5019156314932944,0.49401480289729605,0.4887124178142586,0.4946864175731893,0.4957648775874481,0.5011265533878525,0.5003975133149992,0.4965246930356053,0.5118193006027035,0.4920871998845774,0.5055921197741887,0.5118126563160039,0.5073679952541471,0.4939045108114922,0.4966518902710765,0.5090878313350605,0.4945658395987384,0.5018294611973318,0.5444213658005745,0.5054832288581352,0.4949651514128866,0.5195063598278545,0.5033940926568216,0.4928985517830718,0.4935293004716736,0.4885769254477252,0.5030384240831358,0.49151619828843496,0.4933934257135567,0.5001862028622555,0.5004249410818283,0.5150533406601183,0.4909390990378051,0.5113883010514989,0.5037873240429732,0.5119127489024,0.5002903234797116,0.5006746103243467,0.4973342493677559,0.5032455782777241,0.5117579606299796,0.4987097247809994,0.5152778999288131,0.5045588656893332,0.5006833749739792,0.5124599671463245,0.5092629372268634,0.4985498082128505,0.4799704346666683,0.4984568687266516,0.4992155561795592,0.4981661756230053,0.49231029741765203,0.4936487806277771,0.5134422426963056,0.4910486448063354,0.5176460140727838,0.5120173349786956,0.5016091877470215,0.4920451716847449,0.5107009028253896,0.5091222558975947,0.501287696573714,0.512499954944718,0.4951673280666371,0.5130122883766937,0.4980333283895647,0.5068723013134283,0.5067911359525016,0.4934536394690686,0.5017586775873254,0.5034341691658435,0.5180044180951154,0.5077737480984233,0.4867637558168841,0.4973081498837701,0.505765650848845,0.5228954209401819,0.4978329261652282,0.4813297483211242,0.4876488705715821,0.4988224163499039,0.5008020959412579,0.5071545143207876,0.4957997907112196,0.489826160781281,0.4910120339301121,0.5158715883761148,0.4979111664754192,0.5064957103032017,0.5181079827898811,0.5015660351033028,0.4792919051596719,0.5165849453524797,0.5005843173867695,0.4957231615617736,0.5069615396441194,0.4900295224655883,0.5047083198151492,0.4885274936921898,0.5381995850609091,0.4889391437928621,0.4957511855891062,0.4821743900146411,0.5121788173850957,0.5005351331051295,0.4897752796024109,0.4928873906831895,0.4859825699025082,0.4859718937223446,0.5060128397200558,0.4945144590313543,0.5022777848787343,0.498095318283955,0.4933739042566141,0.4868468426600036,0.5180193706207094,0.4953665365563608,0.5012218042754621,0.5110809103050604,0.5043511410053916,0.5059504555251213,0.5044337086441668,0.4917059582768706,0.4934862809549425,0.4988761206044208,0.5118795598350635,0.5032682532299871,0.5064266477087569,0.5004006299607774,0.500887371008202,0.5006756260636961,0.5152729455452283,0.4965246930356053,0.5163322690772513,0.493307371770436,0.5183245032015258,0.4935265663250359,0.5017158403807951,0.5230997437597683,0.4948718578082916,0.4887925336839802,0.5009365436913605,0.4989977568871506,0.4984454857251703,0.5004688481773685,0.4891850091671262,0.511872471539879,0.4931181579848661,0.4932094227187644,0.4939410452102823,0.4900299169224478,0.4999660631359422,0.5126684401969198,0.4861334106096857,0.4850016888923296,0.5071140966851817,0.5210057696612205,0.5174199523995071,0.4959297394347197,0.4874315402220523,0.4935564297283168,0.4989773662300638,0.4970449940850092,0.4902393587586021,0.5069720608144203,0.4981221546231205,0.5068391381660736,0.5018721131112874,0.4993560122358673,0.5024329515882753,0.4936511722438695,0.4811194865364597,0.5066906483682667,0.4883574998884794,0.5040254232521942,0.4898937763481673,0.4915544811908952,0.5197082507105815,0.5118619641083108,0.4828163503324726,0.4857563802973664,0.4960514087657546,0.496633029943455,0.4938532129086149,0.4866140753678587,0.4911184350582933,0.4860232109434566,0.4895321095648926,0.4981552134559692,0.5074109321784134,0.4970007831129546,0.5073338549673907,0.4935944914877262,0.5000376173487466,0.4930566697612158,0.485640558006076,0.5231601991954937,0.5168441835349761,0.5165854470752076,0.496797927958284,0.5023506640782597,0.4843529845121728,0.4948334222560432,0.4925462119082722,0.5084200353387279,0.4980011006035824,0.4986383514543528,0.4953677205970682,0.5052095255576926,0.5096904969797534,0.4977241686915141,0.5070351277606736,0.5004513587360391,0.5049656721839485,0.5020696169284479,0.4932482224271508,0.496453782968651,0.5001224976956664,0.5090856492610863,0.4928773089541252,0.5123658582385813,0.5140562409066267,0.5042876715534832,0.4947913396825746,0.517017748924559,0.4935803048316466,0.5019482456385553,0.504651126860547,0.5069749823656763,0.5182085709595073,0.4844780322349493,0.4847934204397989,0.4985099705569499,0.4967431899255856,0.4931977112840779,0.4962610489034248,0.5004404946559187,0.4771072822996376,0.4997855335043163,0.4993384261506317,0.5148025546499869,0.4971599243417094,0.4973959291447451,0.5071196873973212,0.4960387851294484,0.4985654156633642,0.4932602243360544,0.4997253563306728,0.5100049329869119,0.5161575924717088,0.4932114778343786,0.5148279596584799,0.5181724635095514,0.4991597278382225,0.5079135914818027,0.4899645519563959,0.4971005233052797,0.4998078000940016,0.5166161177843134,0.5051478584431629,0.4963546785953555,0.5136465437338602,0.521146717904979,0.4811282664144387,0.5009628987706105,0.501393672668844,0.5142392838477602,0.5016048719645511,0.5096797103253026,0.4919958383505867,0.5035465684580891,0.5093299340903961,0.5165387140706355,0.490451451644445,0.4963533759947518,0.4788959539851395,0.5012270456566376,0.5036110710576845,0.5162593097425999,0.5023469345356041,0.4957700776163699,0.4891635703377278,0.5066945518326698,0.5010944361962492,0.491532640284072,0.5112741325426255,0.5136938142942535,0.5007928676939243,0.5012041573765534,0.4989066625557281,0.5005979632758882,0.5004716257635647,0.5092240375492694,0.4984162172093698,0.49410810302332103,0.4947927196420945,0.5109338445104736,0.5049685082279224,0.4892219499026302,0.5027507138976346,0.5010623328407003,0.5095669329585815,0.5230768110601481,0.5109071515665807,0.4987641290408355,0.5131698964578332,0.5163792945317279,0.5036291764754218,0.4964018286282652,0.4970363260405667,0.4965483178781022,0.4980205122547505,0.5039131055762858,0.4911576485694957,0.504360814866778,0.4819526457518917,0.4805810610649746,0.514688135106525,0.4932693439785261,0.4955066632639361
2007-09-26,0.4870522553254775,0.5051993461376857,0.4951937967061717,0.4912057329555271,0.5028029725892201,0.4881654061431781,0.489582895070139,0.479147559570181,0.5065226476243101,0.4839343343686459,0.5108205306312651,0.4941989419381435,0.4916322682745848,0.5043381619121492,0.5145729682261674,0.4959965101664762,0.4867206234372969,0.4922587162277767,0.5063355935546693,0.4871666239580413,0.4953755119004892,0.4989308419845346,0.5013539095143807,0.481923305464949,0.4982542501226653,0.4823002966857493,0.4895871863853826,0.5214741372208092,0.4939205012507414,0.4886401756010008,0.4966987767412355,0.4878201134397448,0.5048469236029247,0.48892871075388594,0.4939630404961506,0.4836772375143535,0.5069358998161387,0.4941896860804934,0.4614924451409018,0.49235880471144294,0.488222357614077,0.4858049379095706,0.4998946448534764,0.4834599422315716,0.4873016303625074,0.49306291715529205,0.5064599372284732,0.4901105047837441,0.4936284754744731,0.4937125659718704,0.4932611903472115,0.4738189494377226,0.4947943086533205,0.4957782893012856,0.5066651686457908,0.4985877734107742,0.4840404719061929,0.4898150498692619,0.4937712933337499,0.5047850172092494,0.4818010901301811,0.49561868530032,0.5169941077622947,0.4950313263845065,0.4906799811490877,0.5084812154874444,0.5222258288093391,0.5057407377464561,0.4952656412065397,0.4815421232778026,0.4938050368632732,0.4831813854094073,0.4924969091675815,0.5009641908936939,0.49543600537752097,0.5060070258640105,0.4770071116867125,0.5102725894369001,0.4928374073037428,0.5098334439053482,0.4916104273592963,0.4927799677597965,0.5074823848327682,0.4938388390150626,0.4928717135003723,0.5003362255911895,0.4835890623634186,0.5032930462245289,0.4866344149400595,0.4952317606368932,0.5216438399703441,0.4775770538178503,0.4893169229039949,0.4885591908517014,0.5102300489317777,0.48187688004566,0.5015102284098112,0.4828717354217612,0.4887709554190482,0.4959844794837164,0.5290411946699557,0.481449156463801,0.4936075103340803,0.4974362932719932,0.489832117408362,0.5041414141049932,0.4929586620868292,0.4545972743776682,0.4880891153762497,0.4996113715370734,0.4956959462095247,0.5009926084172627,0.4928319678668607,0.4948121537040536,0.5006995167447016,0.5226432552360918,0.4844754313705818,0.4777655950258919,0.4972209843122792,0.4898249325072692,0.4926664427346662,0.4939793455576811,0.4793867180979714,0.5029935537710863,0.497145305522298,0.4755504009289737,0.4821251967566588,0.4932081850160546,0.487911364978025,0.4955385814103873,0.4975388422889773,0.4887272294052264,0.4795534858551614,0.4834827575554088,0.517671595409135,0.4754550961828905,0.4905378738009538,0.5160664998268016,0.4837754131127828,0.4973742555283528,0.4947673412690398,0.4906418870852228,0.4980952312713433,0.5053384101057545,0.4992931129500635,0.4702364633431142,0.4948810927432895,0.5022321683208844,0.5256467843580576,0.5027513222265977,0.4837541410693095,0.5111384551015062,0.5005993191391483,0.4751748385288936,0.5193313098993987,0.507872060612046,0.4895664870946021,0.4835855722320608,0.4923763405321434,0.5015476439000012,0.4733565984029274,0.5055500246225834,0.4914863886454534,0.500666700325411,0.4953420949144369,0.4928729295591106,0.5068074960168092,0.4995508272660273,0.4981210524834114,0.494322723612967,0.4982132600353074,0.4972642056892149,0.5122159284157441,0.49156160074148,0.4965307776018046,0.4989617234689477,0.4982135412947789,0.4738189494377226,0.50242050937079,0.4958574028907599,0.5000389884043042,0.5022813981185945,0.4976437983990368,0.49510430567923797,0.5108335560289156,0.4849222539399501,0.4933046593945867,0.4966935958533498,0.4982930066761023,0.50996652532051,0.5081572478118661,0.4973514874899581,0.4877487680823396,0.4810641597934153,0.5088514928050741,0.4939474046618678,0.4990740876503197,0.495526419613955,0.5077536814489076,0.5010569681557222,0.5206894915733558,0.4918789643479122,0.483805064863315,0.4900806277211094,0.4833929303027091,0.489362508386569,0.4837483638213953,0.5106181580362464,0.5052652798110134,0.503355349329964,0.4956203282230949,0.5074078945650642,0.4852175453894088,0.5039253852847154,0.4877736819768273,0.49553395754494606,0.4724200652255885,0.5135896879961036,0.488968837207006,0.4856979774514187,0.4893944042764082,0.5093861986590831,0.4960139047778926,0.4887112098427085,0.4937614201687029,0.5165033253504647,0.489631966561161,0.4930197347060616,0.4892540511595368,0.4798602944181946,0.4908849100679348,0.4889370312703696,0.4971591178231579,0.5095764661527799,0.4695800788113874,0.4909074410099781,0.510568704899944,0.496417375056646,0.4925093465199012,0.4815962695235366,0.5157671882469453,0.5007458291701902,0.5088479067209235,0.5005630089565424,0.4722710627774872,0.4834140393052225,0.4965191752741119,0.4957239878349928,0.4914374885486045,0.5096470765078097,0.4924462631070237,0.4815118907832833,0.4907503998029086,0.5281817195005932,0.4981432235355466,0.504968669874918,0.4951027772836913,0.5142411890337364,0.506287666731165,0.49080710260008,0.5201504706983615,0.4919843729854466,0.5113972949667829,0.4989794430248082,0.4815369526168128,0.4701186808510796,0.4942574415657058,0.4985389731666072,0.4940961607905566,0.48749522805616796,0.492605591126507,0.4932898207041024,0.504183574913843,0.5115751283232801,0.4740891675349104,0.4896776112376697,0.492770693232547,0.4696486308774589,0.497262069874955,0.4953085918970335,0.4796985117327357,0.4848428558506015,0.5025947987164621,0.4978132571749495,0.49536572949393,0.4919470399550342,0.4955990800629249,0.49014015091759,0.4922185925461489,0.4802209881944453,0.4918850433546245,0.5017297689106259,0.5067528995912862,0.4788055773437279,0.4781308223027842,0.4825697294334589,0.5000164832145093,0.5074672107766652,0.4961470631818986,0.4934778740786791,0.4996833987614384,0.4999480411782736,0.4855869396065197,0.4960910227747448,0.5029586235205618,0.5007795063867386,0.5263370133274238,0.4757936123810481,0.4839441419461962,0.5012301436025498,0.5010255849938089,0.4816550860099164,0.4831739136979356,0.4839487336494338,0.4837260737279765,0.4796655400377223,0.4973337874030793,0.4987321704374002,0.4963281825919184,0.48884559633432,0.4900443388439318,0.488420427427373,0.4581554814855996,0.5211187425736559,0.5016755199282144,0.4920678181040331,0.5029665690478794,0.5202124328033616,0.4966705950948277,0.4937993670006733,0.5032848228611023,0.5045280427178248,0.5013623518118889,0.4861102538159097,0.4980003602729554,0.4900316644297314,0.4867544670195272,0.5029494587334143,0.496887115740569,0.503437712700984,0.4921667278991474,0.4993042598970982,0.4926564868919437,0.4944376363217146,0.4989377686127436,0.4829823160030491,0.4949272407698813,0.5083000351629021,0.5178011159021417,0.5000862850286523,0.4865986191112117,0.5041679857211321,0.4948455536398239,0.502700348782241,0.5127540201374721,0.5089018930432304,0.4757346953802097,0.5175724962622752,0.4956004512902555,0.5096219275168523,0.4770962408961327,0.4975198977797611,0.5002710927105631,0.4811247516847024,0.5041212703001591
2007-09-27,0.4920087206504801,0.5069995301278502,0.5058313798551514,0.5050960400456795,0.5174217998665793,0.5051809612975972,0.5101395393172857,0.5086438643094364,0.4975638966358226,0.5001125341778669,0.5206536989245347,0.492506414826081,0.4862352102136578,0.4893185061877515,0.5090296450126832,0.5019239347576124,0.5101883582038024,0.5234235278585327,0.5025871544993085,0.5083865146022813,0.5000653224587652,0.5179625359535706,0.5082983920537147,0.5151308255527546,0.5054179355945251,0.4846804670223509,0.4976586310412109,0.5093537240063064,0.5135859189014901,0.4987577512034306,0.5056039744682133,0.5122987204517863,0.5037249634614884,0.4973935185045012,0.5059037155527194,0.5095436302634224,0.5192799845907171,0.4875600615624569,0.4752002567933298,0.5251477253365564,0.4903484921532845,0.4951659811346697,0.5027965742392453,0.4892595896017281,0.50701761899414,0.5001902406604961,0.4885931985617372,0.5099860716668948,0.4967856170758562,0.4998145899245648,0.5210329606795652,0.4978281939740217,0.5121037031235114,0.4878635467281789,0.5100081088205883,0.5153809759065342,0.5120485469426508,0.4934384063634559,0.4899518832478592,0.4957030010530254,0.4935319974622526,0.513682606905469,0.49568230395878493,0.5103140764458143,0.4959928090860014,0.4963093914326694,0.4997419616867081,0.5004667685269608,0.5319824886828265,0.5025212977453741,0.5073300066154894,0.5071699534861092,0.5031569304578788,0.4876219982158762,0.504587230083708,0.5145955108041882,0.4933498243196551,0.4924268072452347,0.5141464896085192,0.5001055397781832,0.5070963569894702,0.5083218426263207,0.5146880199942335,0.5165382923801654,0.5094457420077088,0.491325263509419,0.5156164009153266,0.504109819880563,0.5073507911559443,0.4841848023178827,0.4889513923182712,0.5176209590250742,0.5035131031683442,0.4974442795917228,0.4924962637999167,0.4930975983590266,0.5016006579732539,0.4966999357154429,0.5006766643389927,0.5000946775274494,0.5116962867384784,0.5234631988626853,0.4936060440407398,0.502639743457001,0.5025902742037965,0.5065040118158272,0.5099399323911091,0.5102211683604507,0.5041661469353399,0.5240399372519756,0.5104880598969304,0.4984883502948111,0.5009422572269177,0.5175807994650874,0.5060930700484707,0.5114712774770179,0.5110192808696271,0.5238700758968697,0.5001245349694371,0.5133597957331361,0.5052322833848817,0.4854648809049166,0.4888029841650207,0.5177502744589108,0.4861450932905158,0.5049010152415327,0.5051080559748368,0.5008734238759345,0.500850619290627,0.5063080027759846,0.4988141819351349,0.5117944034558082,0.5064567525206838,0.503399033803834,0.5112943913234574,0.5070598399784774,0.4943348825242573,0.5052048134638759,0.4973810926009503,0.5037715704879547,0.505382361251765,0.4961953486440493,0.4871435965034739,0.4940655195600706,0.4981636051304804,0.4970047017939048,0.4910184625293086,0.4901496157836803,0.4904999791782928,0.5255678548102847,0.4951875881883449,0.5195884265318927,0.5075160984300894,0.499429647005733,0.4970227638409289,0.489138674918893,0.5080295336995604,0.5084523252761484,0.500949490985809,0.5035837812251649,0.5156902923397592,0.5000050942222345,0.4944081755371962,0.5163452200919649,0.5037424903990315,0.492222410836523,0.4939806436516844,0.4904121252301495,0.5145387061567019,0.5221115294834019,0.4902163583044344,0.5082316757169252,0.488837623084109,0.499555994159125,0.5137597050626687,0.5073099687782844,0.5128094401794729,0.4978281939740217,0.5139217150065669,0.4718536809580456,0.5133467321838953,0.47701704648144,0.5130207369907981,0.4895703224308478,0.5170275315034368,0.5070620746963818,0.4986296613611316,0.4949015182748401,0.5056232984700598,0.5102903438079409,0.496518806884091,0.5111835807765007,0.5142968204858417,0.5122114540570775,0.4897628353771374,0.5072948082289637,0.5047441786123654,0.5043551071234739,0.4994647184888536,0.4911000924703487,0.5031711636707419,0.513549785061419,0.5022716271647646,0.4937170882882273,0.4972504026736995,0.4972560541362922,0.4901988862429242,0.4974359057134501,0.4875869852406554,0.5121418443466701,0.4926200944643192,0.5123400786440973,0.5031577493155626,0.5095787740789253,0.4907147163803477,0.4952888163136425,0.4916479951766951,0.521043907794495,0.4971976770161571,0.5007287474013757,0.49072841893460295,0.4939813463571689,0.5131200418203694,0.4988232209423639,0.4812333153582443,0.5168404244380607,0.5130520983147729,0.4900294479378167,0.5012629954081473,0.474654721936934,0.4891392357365239,0.508965334721643,0.5074080213758609,0.5090692907098553,0.5130333517452758,0.4994261870363965,0.5139553900168627,0.5074124779891324,0.4956036287960622,0.4924008410815395,0.495598052831677,0.5006283024781621,0.484723454402932,0.5233739770492435,0.4912421754049204,0.4963152570728717,0.4943193335368837,0.4961911695519268,0.4898901921013896,0.5211349003101831,0.4804870989932926,0.5095115808268721,0.5044266302226517,0.5200738996730633,0.5132721726380689,0.4986299080137641,0.5159963450003124,0.5035789550080526,0.5124548916991516,0.5216205176945572,0.4833059605238978,0.4890442688990541,0.5001367829298063,0.5091590725442717,0.4988226840172552,0.5063133815848301,0.506593446683257,0.4957962018330248,0.4961347559017111,0.5014359828084608,0.4984874741817328,0.5057272187315234,0.5007283316887324,0.5050912892265529,0.5317152736899116,0.4955057991419648,0.4982795320937627,0.517644225564242,0.4993074834162721,0.5024714507297834,0.4945158666352046,0.4966794057281312,0.4913055955187123,0.4898126137709161,0.4903410087439647,0.5148617386456097,0.5050907258960992,0.496963868516507,0.5107342777329336,0.4911989404895351,0.4721826300935628,0.4974431679072112,0.4927611081804335,0.5049430708952477,0.5031682413795537,0.5055197237531291,0.5074652264280805,0.5207142709795409,0.5010529710865098,0.4998164591249497,0.4899478804854712,0.5120595215901871,0.5115915200931649,0.5111220551336007,0.5061127000606507,0.48988772247207296,0.504257448656975,0.4928850740231478,0.5067794868997226,0.5089114556933536,0.5117573744017411,0.4985221800037778,0.502993809312313,0.5027640559547333,0.5032213589391492,0.5090413923484824,0.5051066142885199,0.5200795819087475,0.5034116141411178,0.5039217871060513,0.4721476192493715,0.5042050849832334,0.5020082399635636,0.4992055029339919,0.5087222231460564,0.4787260121261966,0.4931540642491373,0.5215246694341233,0.5245778627600944,0.5189001450392557,0.5111482928616268,0.5031679205795501,0.5164044897218685,0.4917338698299502,0.5039464122588179,0.5063468636379769,0.5044397860446967,0.5046298610275348,0.5146306056664833,0.5156323160512495,0.5123400652058909,0.5080690990752353,0.5149048026824664,0.4979513016224239,0.5170625944346579,0.4984445869676663,0.5078087185346559,0.5064387081127188,0.5165393049670223,0.4887617323904113,0.5018992850068495,0.5068152658134543,0.4931042623473038,0.5125058937387296,0.5018948774175711,0.5006036190803861,0.4937196208908601,0.5201710352755406,0.4939309958798879,0.4813245515729114,0.4867832485614577,0.4822295981447793,0.4981270843377369,0.5015906327652052,0.5144135894193067
2007-09-28,0.5012186266603852,0.5087895089686048,0.5038242693389889,0.503281255830566,0.5108900438601237,0.4984055765145198,0.4986400431064225,0.5098344226386886,0.5026575945073459,0.4966639469866416,0.5000110923321693,0.5206046973362385,0.4939957108019321,0.4999502355143699,0.4872261086003314,0.5079432061871071,0.5101291421161404,0.4929543227337268,0.499430663851541,0.497168883565809,0.508315152224116,0.4933402060556189,0.5005643917827365,0.5107997177899773,0.5052530448995752,0.501440787236461,0.4968256956534327,0.5178747671796861,0.4926338199693001,0.5067424192089963,0.5088274340249013,0.5055147329473546,0.4993947174058058,0.5099306078614378,0.4951519933995869,0.4992397747254272,0.5060283669870477,0.5030138730475986,0.5193596856479972,0.5290988795624469,0.5055450882554825,0.5058635210171354,0.5031697083292674,0.4989748183803068,0.5177697837469453,0.4914580359681997,0.5008315238895703,0.4940546707649118,0.4221003438206827,0.4931962979261533,0.5334601950305915,0.4893585722619735,0.5256879962674261,0.5009814726432754,0.5080552745551997,0.5160988112647956,0.4981771086052644,0.5092115727668454,0.4896992675694313,0.493285681538897,0.4861653997081314,0.5163847491984639,0.5063787720294814,0.4811383687684215,0.5138449241340852,0.4854115237633122,0.5082425455440623,0.5095647915106114,0.4918863135397485,0.5051296889026428,0.4974054562863175,0.5034629300905529,0.5023464328544847,0.5006525742448471,0.4800285687478466,0.5075660440308858,0.4870929062712455,0.5138321998709372,0.5174962061535647,0.5117697506130144,0.5013093784214927,0.5011694005146619,0.5124962953317179,0.5117756414955963,0.5188951326239944,0.5048137768321898,0.5012239602958561,0.5082031349054287,0.5108441848175077,0.487765419804992,0.5086294906248846,0.4813556850475145,0.5045977238924264,0.4879454083602144,0.5167556570659965,0.5206002625793711,0.5197695068964422,0.5095089582659349,0.4921108159208146,0.5012435003596616,0.4914352764847091,0.4970168632668381,0.4970263473308607,0.4955849988644479,0.5095501351964885,0.5166304930718286,0.5103912226143276,0.5247868081329666,0.4986794753994466,0.500649835431786,0.5021163160620356,0.5181936386758923,0.5198385776369796,0.5010888599024962,0.5020646921687021,0.5109614506358202,0.489565644677739,0.4967741720996683,0.5027469240939128,0.49963215855256393,0.505052508365618,0.4912640509867169,0.5175192034135414,0.5015308645315157,0.5148094122438056,0.4939075962751179,0.5271655906632056,0.4914260691321191,0.5022103324567679,0.5126515880525366,0.5119204853859353,0.5139327360856887,0.5040371308840128,0.5020714774404194,0.4995185986599303,0.4981627285490615,0.5071548926066881,0.5018019949141331,0.5162100815283374,0.4969665302318746,0.5104200694370257,0.5178589102870935,0.4946460964772413,0.5060849611202993,0.5162809286830771,0.4941174497259709,0.5086895583866244,0.4948372065993939,0.5056697101048274,0.492637864666288,0.5132720403831028,0.4964016067248638,0.4983170336411212,0.4976351149177802,0.5074837581765751,0.5029828999536654,0.5127335588052941,0.51866062753774,0.4964988799845035,0.5093211579112584,0.5113610799418297,0.5028755816253639,0.5251743570193089,0.493942562752941,0.507268009732385,0.4931593318069506,0.5058842402895302,0.4852393096984463,0.4947112313608008,0.48874880615823707,0.4841822875235108,0.5170563828412597,0.4900315660201077,0.5085738204853258,0.5063342869087659,0.5152780020647308,0.4994377462516598,0.4893585722619735,0.5397887434344172,0.4922671281959813,0.5165440628045357,0.5033513368369145,0.5006464671039397,0.46149817019191497,0.5111677712204895,0.5056772453315945,0.4933068305423371,0.5200504508242864,0.4995121296422615,0.5197802980054422,0.5074484794440028,0.4936879009758261,0.5159816952057689,0.4936597360941199,0.5202098436206685,0.5104198997536354,0.49332963535729,0.4946146140940051,0.510815366647767,0.5149485909345171,0.5285676903278786,0.4997571168860373,0.525348807305364,0.51229935279977,0.5074637425258997,0.4909215971583565,0.5189892559443504,0.4953914399823754,0.5084912593205695,0.5268300482879116,0.4911220961285368,0.5265899212927002,0.503820513751721,0.5126436398164935,0.5095914378141255,0.4811956900309578,0.4953863615518523,0.5106633512480451,0.5169688151799365,0.501511126020203,0.4999503187714998,0.5024666956874456,0.50745414658817,0.5003178096654921,0.4916059307831312,0.5232622101384978,0.5089957943266951,0.5008242335823543,0.5074763602985293,0.4924645612229096,0.5064329834408432,0.4983101320861923,0.4782540736403699,0.5125156595937227,0.5106889455303641,0.4888678246808226,0.5157808519006528,0.5154220800312102,0.4937157547386958,0.5153183227232052,0.4888115007485294,0.5051959184750163,0.5325178902887564,0.5143303000471168,0.4754892771542952,0.4870474574418449,0.4916298875747753,0.5089341420013433,0.4886327353843208,0.5224194083447673,0.5078374471858178,0.5041946742787635,0.5076284978154031,0.511755269897067,0.5020322247920064,0.4966916443801586,0.5359184682356372,0.5049882722616749,0.5187742189420882,0.4850403687781665,0.5105707122008404,0.5006154820631821,0.5055071005819648,0.5092753122241249,0.5045168838253976,0.5000872704221875,0.5058606646094247,0.5272436257997607,0.4750577082523773,0.5026508871555041,0.510346033490253,0.5184634300713782,0.5072824953768912,0.5091323174458287,0.5302018623245583,0.4896195235803372,0.4997316114363772,0.495344477327659,0.5155773463011429,0.5056617693673913,0.5087481086331784,0.4818689466870571,0.4997593014375912,0.5115763043210101,0.5083384069083728,0.5227288975813679,0.4849581572612657,0.5004214669235193,0.5062787903031835,0.4980730441941028,0.4963898634933726,0.5097336746959268,0.5204010048358516,0.5145274247800921,0.5064317565322691,0.4871999443190137,0.5220729761701328,0.5232751102913508,0.5160982071370254,0.5065795564027508,0.4968438513339426,0.505895348323043,0.5090645126856088,0.5147486477383603,0.5059779624412136,0.5061917031598845,0.4981294978242876,0.5218863253996816,0.5163490442821255,0.5095977616639779,0.5067268464643009,0.4945842180908922,0.5056255601150978,0.4907123362005357,0.487467102377824,0.4963539876864977,0.5003054371331709,0.522217519553433,0.5141759977931857,0.5035229565997461,0.5112341852705926,0.4838168901973198,0.4937626524032086,0.4951403505406206,0.5060304032920012,0.4882236672176761,0.5135604682829918,0.5156824779879616,0.4963331300441468,0.5229506755240724,0.5105346961714787,0.514702714063942,0.5071897118273274,0.4899673532357043,0.5136348903860909,0.497156163640155,0.4895218579395802,0.5234428740957177,0.5112560720865522,0.5094400544076015,0.5065695423592076,0.5203182125449088,0.5069527394590618,0.4915894577063618,0.5096445356662355,0.4974681497696871,0.5045847848471489,0.5017665193384098,0.5137181031057964,0.5038808771578629,0.5084303681624344,0.4869673069166908,0.4930128171241959,0.5204201546140484,0.5082127631686671,0.5189839937821817,0.5045255732345237,0.4964902675346886,0.4848255544433881,0.5127714838331259,0.5151091397528347,0.5061990460630785,0.49478628559882,0.5068875192711538,0.51969566640201
2007-10-01,0.4986019879707108,0.4939128579571935,0.4929581142591714,0.5000508522715144,0.4989323940457698,0.48357958923303096,0.5056435740128378,0.4971760202851987,0.4974374721832597,0.5048204301667936,0.5036914165103357,0.496772242440056,0.5029367553221306,0.4939499201266458,0.5160378142826952,0.4933015746732245,0.5046453965411766,0.4830029205187214,0.4959689928488377,0.4982988914986703,0.5132046019056371,0.5038170845693248,0.4825165997399682,0.5161219387534042,0.5019435147089205,0.4862151055692202,0.4941573652409549,0.4964755651894223,0.5030464345645628,0.5132126337386423,0.4854952644138264,0.5039192962374522,0.4966594015639319,0.4942385421141045,0.4885624824519062,0.5014270950176193,0.5110886350522923,0.5001661614425812,0.4722941503886479,0.4830408218498555,0.4656713936376717,0.4923441858908602,0.4834404400813772,0.495961034376344,0.4931186069080791,0.5093779966567974,0.515835916575611,0.4963774382601129,0.4775287357241056,0.4901285956449418,0.5060568904438221,0.5011290403503355,0.4834929147102319,0.4914036623956899,0.4912368202434457,0.5158235901484125,0.5197927149084164,0.4953959672191855,0.4874989255552266,0.4956852761941344,0.4984286701546386,0.5086318187714541,0.4978475102993238,0.4939983818729396,0.5029389459971481,0.4919647468532397,0.5002450119530014,0.4982340034166789,0.4910918858636412,0.5146579685768611,0.4945065860664422,0.5129741156080434,0.4898441654531832,0.4967326408804305,0.499508708863457,0.4912075953387781,0.4876082959615466,0.5042267029894304,0.5045036246982483,0.5090219598013419,0.4928732147593834,0.506938149576442,0.5080393822512848,0.5046112877175093,0.4936334072403588,0.4954623635720321,0.4710023663610667,0.503186172357328,0.495937416153201,0.4922113334593194,0.4903749810382768,0.4908443651374823,0.4984879135361627,0.5067491079610077,0.5042805447756558,0.4911930601785818,0.4888695760459662,0.5011377720782622,0.4895297645129164,0.5033641541451561,0.4958061850487886,0.4850186015116799,0.4968839157371122,0.4996873699636402,0.5151148585496531,0.4863933904643743,0.4989392462534948,0.5091036133256701,0.4895179628134714,0.5097928982312758,0.4989874534128476,0.4939885685639575,0.522832286456531,0.5002047331481271,0.4862303134263126,0.5188730286290871,0.4947856883084314,0.5057769911105122,0.4977549466399071,0.4992146252999618,0.5114349579337112,0.4789769881315644,0.5050418730253602,0.5027349036180345,0.4986246984792256,0.5049618427155801,0.4776766892639235,0.4956474880926894,0.4967380858479492,0.4986003094777887,0.5144012180685877,0.5122291903040069,0.4922825565832216,0.5073120257807883,0.4813078662989494,0.4990865491706389,0.5211112591485638,0.4946343221971456,0.4966211618776466,0.5025529838128857,0.5092152722160102,0.4943109682188497,0.4868341152533969,0.5084633404348666,0.4935645608764998,0.4916801819726411,0.495444511050753,0.5104771472472983,0.5005697767235445,0.5024816690286384,0.4892441362262162,0.4944787966618349,0.4902843307479786,0.5061231726195089,0.4929861577691178,0.4896154854769695,0.4923772667440533,0.5083453858952849,0.5105570654022504,0.4946250397473577,0.4899071854346842,0.4914814521996724,0.5125489207797215,0.5065620826230618,0.512758298664511,0.5215305721825859,0.4920556816227905,0.5003068139128143,0.5069536436612935,0.5016914443631303,0.4857183767729748,0.5067016147993838,0.5278878596386665,0.498394835525503,0.5037862583069763,0.5185736744855997,0.4904341275355178,0.5011290403503355,0.4968005303303015,0.4935472230331365,0.4773958031522093,0.5032683034866372,0.5036632559213738,0.4784292077734193,0.498838956645469,0.4972340962385681,0.4963316803591029,0.5015729528020512,0.5150266553746554,0.5113919112777964,0.5045824532207389,0.5135802364504708,0.4806016519858412,0.4986749938701089,0.4948047645365834,0.4976627409375678,0.5102931831310232,0.5018382687408625,0.5086649750628046,0.523027186253859,0.4987303405845647,0.4968830291068859,0.4974308249183658,0.4985421918342336,0.4986133696113675,0.4869960541740354,0.5003484652013789,0.48265855314173,0.4977249529456924,0.4852319790030325,0.507207292885601,0.5037107327756294,0.4893580405729809,0.495595052666534,0.5001289844653112,0.4895483185027604,0.4965532419421403,0.4972280005734224,0.4932467960190945,0.4951677366993307,0.5001040127279249,0.5022462563392057,0.4958455975248629,0.4917281671065454,0.4872264250740069,0.5024058816972533,0.4957630579904452,0.4816096040113866,0.5086270160532734,0.4685758215568443,0.4837747964921629,0.4785007690089245,0.4896978434656676,0.5129585208072017,0.5033848746063915,0.4753407061815087,0.5129382580099117,0.5076735429781857,0.4952638290522207,0.4873924856833382,0.5009747242586882,0.4981187449936018,0.5042771528926461,0.5132843555387627,0.4960922235270285,0.4923627056872017,0.5003222028467181,0.4713157462491325,0.4831902363086599,0.49954931855160206,0.496819772746502,0.5136516077596663,0.4796449765234366,0.4908550065853939,0.5027690982533829,0.5021170007606907,0.501423704156323,0.4912788426175966,0.5037095203537766,0.5085134156120499,0.4901464122500181,0.4797294834926625,0.49013236826322704,0.5108274856956935,0.4890715826200971,0.4971049781251444,0.4858801952712376,0.493329020762902,0.4877506539214007,0.5014313593949129,0.4900937003128418,0.4911484866426815,0.5129768790628827,0.4919866134925944,0.5115725482344242,0.4908999787284192,0.4927836484610125,0.5093105427859874,0.5063869069433448,0.5036042907188484,0.48063353383865104,0.4869246000817034,0.4878244518986607,0.4860568219580878,0.5017475012631771,0.4884990736712934,0.5135105053682643,0.4930846462521526,0.4953783773381379,0.4805087667665554,0.4889590518309291,0.505801852610373,0.4835434057279163,0.4910187791109072,0.5037947181903664,0.5062184864170185,0.497118196933326,0.5241432436402595,0.4888388498113799,0.5099379164726818,0.5051001787087712,0.5087134502706823,0.5073709816377321,0.4981976253449615,0.4833814108816918,0.4995163793799098,0.5033722235068931,0.5263197275197357,0.4754757371324254,0.5067881241967856,0.485160577641834,0.4942259357121399,0.4982173675310054,0.5104508972944558,0.504356673327308,0.4958454343966423,0.4872137106139509,0.4888290678512798,0.4969802537171721,0.5136304154814262,0.4899605240068698,0.4930847470086032,0.4944929396364777,0.5016386783986387,0.5005269312129114,0.4803601871964791,0.5127991013167748,0.5018808470740292,0.505014656576242,0.5000535767405366,0.530521342822755,0.4873578380987632,0.4845618112467514,0.4801696026739804,0.5051406998095478,0.4759739587084704,0.5096910134834733,0.5268115849713132,0.5165946209809906,0.484740041062733,0.5001336490839134,0.5139176831482121,0.5105336231674563,0.5137886302549141,0.5081157381163894,0.4946947166461741,0.4900807864988175,0.4870245437263537,0.5016822098876624,0.4734975863940024,0.5020285276188599,0.5016408370012855,0.5118920336186112,0.5140565589958244,0.5008795903631733,0.5088276729245722,0.5155704920211254,0.5139125271002738,0.5019535621232795,0.4986126259826423,0.4899368833022213,0.4996498573817042,0.4912025628637913,0.4905333392592276,0.5069571025592865
2007-10-02,0.4904075401644155,0.4897168079561494,0.5179783039722924,0.496346712154808,0.4825295824672531,0.5112476618111584,0.4895454643780109,0.4947476422124789,0.4993213588088143,0.5013005159890865,0.48871730277498604,0.4988403475520602,0.4983112770176482,0.5022352578470559,0.4884547926408993,0.5145422114249919,0.4985411509089709,0.484785176012013,0.4924561915008943,0.4971014508825574,0.4976354401170913,0.497793658879969,0.5315311473078045,0.5066948964163581,0.4928693320230237,0.5023146309748171,0.5035089769073448,0.4989003964499761,0.4971377169666612,0.490864830780337,0.5012531954802261,0.496264913000593,0.4946816176950617,0.5047473332983701,0.4783928919039866,0.4855161625351031,0.5049640299488524,0.5089765671344993,0.4999553001520856,0.4783439832160347,0.4864016716313074,0.5048382240575284,0.5039732132478388,0.497818158035317,0.4977475248736962,0.4992381943992673,0.4978499800277216,0.4862382757097142,0.4998902141547421,0.4951458283656372,0.5101221620657693,0.5022434326170354,0.4932728721952896,0.5022705434453089,0.4865628787470572,0.5213859035004079,0.4850177586232333,0.5060196440688622,0.49284587425091997,0.5036702486684304,0.5123377410180243,0.4953200443152414,0.5067873882709528,0.4888689734538103,0.4985123262672516,0.5002151189563971,0.4963910547871952,0.4926767256284964,0.5102032825748576,0.5014246364065169,0.4989923762251024,0.4917150960502884,0.4850220317247452,0.4952946399531398,0.4888751476110736,0.515231906851086,0.4387842557368861,0.5013282679325388,0.5184534513402764,0.4927517247974864,0.4962404721599973,0.4930398793548139,0.4947114032486246,0.4882204874392816,0.5143541589975208,0.496863004159833,0.4988122143225994,0.5022552383573482,0.4960709170942736,0.5072266273971839,0.4901165099818927,0.5153486447348237,0.4892082103762896,0.5051509416223122,0.5034487836040432,0.4930247942185176,0.5156778447321935,0.4825802506628136,0.4985909160376574,0.4986503235301073,0.5078168160166802,0.5067825667160567,0.5006642668616107,0.4970752222182977,0.4942652496520623,0.5164468575253031,0.4973254711149795,0.4897822749473718,0.5044394449244277,0.4895489613777616,0.4985431269168084,0.5029287991734444,0.5114253225546089,0.4952472237654056,0.5029490939442111,0.5019901863206339,0.506942323243595,0.4995365570149684,0.4881116750627966,0.4947263078728028,0.4938118955678927,0.5163467773158119,0.4893291339742417,0.5176419620481718,0.4957581800467803,0.5039093362381701,0.4919763077304904,0.4988962206080149,0.4935138674404351,0.4950804277952233,0.4955877842408965,0.4893880650887414,0.4817749508003054,0.4953752985242567,0.5040165146231613,0.4848998139948914,0.4956670751603428,0.5061038221681994,0.4918772742281462,0.496268297944,0.4923090386072118,0.4936932842837842,0.4928466666078503,0.5043170488365245,0.5127745714032752,0.4711857133880051,0.4751909752834897,0.4907569734073854,0.4976963855543086,0.4977113049353282,0.4943919144387128,0.4996609470993094,0.4749688150123729,0.496870837124096,0.5132957797477647,0.5026146560617307,0.4959457673759,0.4802755035687314,0.5046557775324936,0.4844896552267605,0.4593982274858409,0.491287442604379,0.5361635015888636,0.5004534915735368,0.4877282912640306,0.5092493069469062,0.5031733941183132,0.4956582015980224,0.4932486908201475,0.5108121973058171,0.5081503833145198,0.5113761945247368,0.5103191231658535,0.5080635066981087,0.4914715964455063,0.5062587543293985,0.5139875995237844,0.5022434326170354,0.5116521819642911,0.4686882034651474,0.498527213101598,0.4917610418936347,0.5195484326488262,0.4923959683457605,0.4846008285138606,0.4844031709595539,0.4972304140112112,0.5031923599453134,0.4973930585142164,0.5043316846919356,0.485928582282454,0.5028674511674287,0.4840547145154911,0.4870886560480015,0.5008288557555479,0.4920927085584672,0.5044342089434308,0.5090241147312464,0.4913102954098304,0.4930302803215594,0.4950600765983132,0.4845898684345033,0.5065719403757475,0.5112259392057972,0.4900321304311898,0.4948567036237313,0.5033869741817821,0.4868678239295293,0.4896794449700998,0.496147148226429,0.4842843910845661,0.4805821416552545,0.49670890537024603,0.5074743837086954,0.5038691140787139,0.4978994588448896,0.4941116798654196,0.4980340748422212,0.4840718029569429,0.485771325558385,0.4941162957723619,0.4888797294175755,0.5054304216790279,0.4805144379320292,0.5078734599570993,0.5047893477836568,0.4875152743253186,0.5134054481843296,0.4806311453092498,0.4887324575143584,0.4774677800498668,0.5287049388578545,0.5031142482471589,0.498503893594592,0.496867962533781,0.4809159068089763,0.5044514301921932,0.4748642353586455,0.494980432451712,0.48216409429774,0.4949826391816061,0.5013640589085506,0.5080162163721508,0.5195146079255201,0.4951721718504008,0.4826993922499193,0.49469836923996596,0.4879057294119861,0.4812573829831999,0.5051284902856141,0.49597301638951397,0.4938830931660801,0.4948125702017585,0.4982124842701365,0.500295863415299,0.4914413334633678,0.5078709431254361,0.5028491180835467,0.4943209599848488,0.5001038312113427,0.5007650017630852,0.4824471866355389,0.4946587004997278,0.5026154250352606,0.4918087927377333,0.4996613251864626,0.5145971929958196,0.4973796135637808,0.495229111430707,0.531988378013197,0.490634803914955,0.4850618145965669,0.4906694853898176,0.4845217457967802,0.4966252120743082,0.4928890261582554,0.4960004173950555,0.49395663642384996,0.4836816296825052,0.5101176208749352,0.4924714398608646,0.4872261765135279,0.5088127205791759,0.4958094144987571,0.4981974331739978,0.4885412728910092,0.492814109524909,0.495953960023704,0.4983476800575513,0.5144051617224233,0.5033370872137118,0.4937725909734194,0.4960037957486455,0.5038759875454037,0.4856097244519166,0.4893399831241055,0.4851973755164988,0.4888454188232165,0.4881231780664863,0.4952101061257157,0.4940619205263981,0.4912237081602578,0.4902722598933162,0.48188838605166895,0.4898784956363499,0.4931579270050336,0.4979704887642836,0.4875010291997772,0.4879528308539876,0.5110980778252977,0.5070108784900289,0.4994440099776453,0.5039482517294345,0.5002303697285151,0.4994370305517248,0.5020264992843986,0.4809633322119364,0.5035597790342206,0.5014827608912223,0.4956411079677824,0.4929625492448437,0.4961263731726055,0.480679048729406,0.5106994703914397,0.5002752061581626,0.4935565862960374,0.4903485385565186,0.4913180873543769,0.4999320211503146,0.5150320605685365,0.5068562061639206,0.484970402635622,0.5082605055476742,0.4844233486570877,0.5049482699274184,0.5018012378209511,0.4864265134746471,0.5253794139646447,0.481620754544279,0.4907464386662594,0.4928990679326288,0.4926234503284929,0.5042183231594296,0.4838262886785353,0.5200206443881215,0.4905674119050263,0.5064039741368814,0.5135520350629635,0.5040088914122093,0.4994727529627152,0.4903292943580633,0.5023909433364322,0.5051988684333162,0.4764315837935362,0.5038801291886416,0.5127615148543808,0.4919382272423765,0.4886760627214018,0.4930403424542874,0.5049879561731494,0.4946880450953672,0.5013759979554642,0.4872411742271384,0.5016790115370026,0.4952793613447238
2007-10-03,0.484992735530265,0.4966624365176643,0.4994447371428452,0.4969852660540006,0.5054933903611397,0.4944316955303636,0.5017732207052105,0.4882081978346594,0.5006125702223246,0.4826728332377262,0.5003767852322282,0.4866126642418255,0.4724977562646195,0.4757572914164518,0.4997379928431535,0.4980936740125135,0.4984476941638623,0.4720931009698014,0.4922589948511323,0.4929246858678813,0.5020593991375953,0.4789755438506132,0.4997548932917058,0.4823873328189009,0.5095357727864759,0.5006224795835063,0.4991453257158622,0.4712376369846131,0.4947861090163703,0.4857261294396478,0.4873295127679217,0.4857088386036685,0.5050358029339652,0.4906988531628415,0.5002900310956719,0.4878687508587602,0.4872198047997416,0.5039069836994163,0.4995680293582215,0.4974757252106034,0.4820371502865317,0.4862859255752388,0.506579530791863,0.5006651107337937,0.493475979056715,0.501560675424393,0.4831812190874944,0.4953464256515181,0.4851560641300341,0.4902043237796816,0.4919348351148751,0.5030341207668055,0.4951448037441459,0.4978609924656771,0.4938907220006678,0.5128333066170595,0.4940542159247206,0.5032424632024353,0.5027295015502872,0.4981157701543574,0.4928765151308122,0.4923661505450087,0.476979837118906,0.4997638443161889,0.4972996715380368,0.4907333407900439,0.5028541004316363,0.4827469717233088,0.5051622865635215,0.4986295791244536,0.4949655839997904,0.4979589112510819,0.4934212031932746,0.5093650165324322,0.5096181412235977,0.5044843815119678,0.494563654017364,0.5043899528399235,0.4985681788304538,0.4986583628000885,0.49408818411163397,0.5083157896743979,0.5145346822138798,0.4992483031031199,0.4967436151391665,0.4995103428143272,0.4839984483135154,0.4931472702983262,0.4911283594605879,0.5151337113851655,0.4981665551671686,0.5103890712387491,0.491135899692157,0.4976698937747917,0.4941388727742165,0.4890523639438583,0.5132716635008647,0.4553268303848609,0.4873856562628943,0.5008424926245733,0.5264721592207581,0.466046611903379,0.4924313036196717,0.4878261457034262,0.492829568904415,0.49494871186297296,0.4924276565129552,0.4919040236761826,0.4862823358564735,0.4913126195057321,0.4932518998036395,0.5005045946300425,0.4913491019038438,0.4957292261259275,0.502915981406492,0.5096936888406981,0.495383781342754,0.51262977686364,0.5043195220424708,0.5094818774639832,0.4893340874602476,0.4922784298771587,0.5122079424575418,0.5212579663129374,0.5007020246818438,0.5019192059777646,0.4860325941524809,0.4912339236254778,0.4888649689686977,0.4880494460003311,0.5011419924296916,0.4974019609232048,0.5022423271637044,0.4994620328599489,0.5229032580789368,0.500724618459497,0.5026245455684978,0.4929557464342818,0.4903227677848036,0.4924183661025123,0.4853506748048367,0.5066062841303797,0.4964183270175106,0.5080502082345509,0.4832128173621897,0.5018854852604379,0.4821134097230802,0.4994185903580802,0.4768148766365337,0.4900194101673594,0.5022120203003817,0.5043653686761306,0.4858535978292749,0.4968929949129044,0.5148401271416061,0.5011721886513226,0.4949011436030876,0.5035005168905573,0.4917231167448846,0.4865880711422446,0.4802101201525854,0.5022161215500338,0.4880158488671691,0.4878083051333966,0.4994945431656625,0.4931228577064043,0.5119414985279902,0.4926249459576205,0.4952094825866653,0.4875894841658279,0.4961234272373709,0.5007428546812623,0.5074010246559503,0.501685882376968,0.499178032953724,0.4988608069790942,0.5006433623450129,0.5030341207668055,0.4959324158498893,0.487770125313605,0.501115347646544,0.5110135545833688,0.4979713890889718,0.4872668239759384,0.5141607440584033,0.4960284800588889,0.4903333909964081,0.5007027211286714,0.4956536896167092,0.4917336215901407,0.5122002678670698,0.4779785913660661,0.4988035626567489,0.4991844985249772,0.5005008597632711,0.4978984021511145,0.5021644971017214,0.5033101792921015,0.4826539092957287,0.4818402805793167,0.4847408426324989,0.4892400933340233,0.4966910183088247,0.4934109158556935,0.4905759094140069,0.4844078717196659,0.4971922318077844,0.4898839543965443,0.5015021354280801,0.4960554832350242,0.4916232267550255,0.4849646027999734,0.4893385286220144,0.506958723989307,0.4983835776095437,0.4918788471962823,0.4865365413962153,0.500200622280114,0.4914892988871251,0.4981648553996497,0.4926683203380519,0.4950078907391267,0.4911711770644682,0.4887017988734052,0.4919629635274465,0.5117371714495692,0.4918354790324508,0.4921152417487762,0.4950564703012604,0.4864450402325885,0.4893511831157846,0.5016595289861768,0.4925878815697395,0.4984219253622438,0.4976179672578643,0.5024406108370504,0.479721234400006,0.4994564098992348,0.4968533783064053,0.4907235148428669,0.5113488973854431,0.5031302394954593,0.4889297249820392,0.4990912567291349,0.4899166856192911,0.5006146075719242,0.5037125415739357,0.48310944380175397,0.4821144548431466,0.4983817576455188,0.5092685143637873,0.4987307762841627,0.5058732473448122,0.478777727681905,0.4853297456140675,0.5028243750909347,0.5074805234368751,0.4938996972420969,0.4891460141459998,0.4800135729393559,0.5201326103766684,0.4900042966045122,0.4855216962763143,0.4920768480265696,0.5023535667459947,0.4979434662395692,0.511077590954307,0.5054893636578847,0.4886415193402094,0.4840988446190558,0.4907868377646924,0.4909494278171877,0.5046188318023809,0.5002537585871939,0.4829594646579791,0.4876308387274672,0.4972134614228113,0.508420932895517,0.4927654026427123,0.4887108130863242,0.49636287515645794,0.5027617686836588,0.4936359399067741,0.4750900604702029,0.4860622400505466,0.4889445128583814,0.480012849735912,0.4876481297233464,0.4842857512677237,0.512503965705202,0.5219623973328925,0.5144899222496636,0.4995099227605033,0.4974623953643469,0.4742700564800784,0.484404875468557,0.4889135959915986,0.4875138666062978,0.4929085576535488,0.4870361992558893,0.5022048361854793,0.4804456324075321,0.487668116949173,0.4975288834847706,0.5136111798495029,0.4883260562458263,0.4957517159434877,0.4815499074379104,0.502469797399935,0.4976593664940471,0.4993408940411864,0.4911391314915053,0.5081250662177145,0.4823938237756101,0.5280481668521357,0.5023312072880637,0.4840957095757867,0.4973341393986922,0.5000242245752632,0.4966781072066692,0.4848478534580833,0.4962221750713318,0.4991887515133031,0.4720051339654084,0.4865081339984872,0.4987958361184232,0.5050235190739619,0.5123386808483329,0.4915587147844594,0.4846739955735366,0.4840465552615606,0.492811133009204,0.4839007479824162,0.4935153453478578,0.4856633158410322,0.4906763793628514,0.488501464200402,0.5132896508608075,0.4950078713383945,0.4908402538592066,0.484817939465398,0.505811707666122,0.4896052002235766,0.4885875151759692,0.4917233360363975,0.490785208995669,0.4934714408090331,0.5081434693745913,0.5139363976205954,0.4826252605783132,0.4988632748069939,0.4966346751782597,0.5006974816155346,0.5046997174733382,0.5112046995941262,0.5062531192052021,0.5051047866355193,0.5011087516725721,0.4969368632896294,0.5074927580379838,0.4802576177503784,0.4948730019838798,0.5081310870367368,0.49740150107501396,0.4918422767975861
2007-10-04,0.4891862639166038,0.4978546377656442,0.4987030854395366,0.5000474359861351,0.484510506778289,0.505435388797222,0.4862689941945729,0.4762169939617723,0.4932717552402525,0.5119309114678189,0.5015234029269958,0.4889474907467251,0.5116448330703514,0.4878861844984584,0.5075239123410586,0.5115942049413655,0.5020664505062131,0.5051268432188147,0.4891554017296611,0.4936928523928677,0.4909511376599096,0.488200262652203,0.4808114709474917,0.4876123839593494,0.4936624913645678,0.487700067997773,0.5039937403353499,0.4880385238562346,0.5001084473193409,0.4916738505057761,0.4840784904984706,0.4884515784588826,0.5176737073647972,0.4964317254967032,0.4818899008902081,0.4842954635286653,0.4954177661806927,0.4928683696251309,0.4894035015233834,0.4825886353553741,0.4910528099473842,0.4969826002032398,0.489153265070741,0.4953367456082615,0.4846433103317525,0.4886821114993521,0.4861473517437119,0.4873800481068922,0.4964094787675554,0.4925337447936367,0.4916500519971948,0.5022894088009972,0.4998184874687355,0.4993705992301521,0.4807824098226346,0.5084386734949297,0.4951355691224309,0.4841635469973589,0.4972421708846556,0.5019280913654345,0.5023919868674099,0.49598360575405503,0.4766344602080207,0.4836380082204829,0.5046859930413035,0.4949150950129276,0.4904021095872229,0.4979606187004753,0.503076759503585,0.4964842943230888,0.4893430668772162,0.4846957807511723,0.5063627822875403,0.519155748550215,0.4996902280923719,0.4948282476426181,0.493972181811346,0.4894150349691636,0.4927147623478729,0.5089153469410698,0.4926069786652579,0.5040301230391774,0.4976749878328528,0.5111674386693652,0.4995161766335235,0.5098830970983067,0.4812420003650654,0.4981312395291884,0.4901832431332712,0.4864507656310276,0.4985908518906196,0.4831828511989925,0.4891390182878283,0.48447631228440596,0.5254466576353256,0.4914451012844781,0.4930738646260348,0.5036735943903486,0.4778674003503738,0.4945548062037479,0.4908783726976204,0.4947381365249943,0.4907490298025245,0.5059214092315932,0.4822701613853472,0.4990775015527747,0.491061710510899,0.5007106784979135,0.4916544047549494,0.4996555522226512,0.4893512640818346,0.497279858490992,0.4918735495410839,0.5018064682293021,0.4967087932419522,0.4778151551813097,0.5054194241576374,0.4938466654297809,0.5145130391160475,0.4926519397240224,0.48915990808882,0.494879853918297,0.5046182800278086,0.4963686590882334,0.5041585550151273,0.4875380875103419,0.4909303865934768,0.4846674213919994,0.5097759672161134,0.4828236937491064,0.5006183853787896,0.5046915981907703,0.4946509147618612,0.4931045224077002,0.5095909219442978,0.498779716109865,0.4902875786591969,0.4923178712645754,0.4800137362193058,0.4931653942709245,0.4831876807464638,0.5097394283124635,0.4958177494086407,0.5151424631273066,0.4739962168293384,0.5080085825349264,0.4838247017515363,0.4913726248738833,0.4904372488267301,0.4867279913510815,0.4961573003142083,0.5027133391146796,0.4949345923292194,0.4901996432823158,0.511429259080078,0.4897726142866569,0.4760648813322825,0.4860923977949431,0.4877267295343813,0.4912876664674712,0.494707490631461,0.4916090718698583,0.4873323273114223,0.4974656155596853,0.4975306489223642,0.4893354198253082,0.4986067084342217,0.4916087367024603,0.5053819761529552,0.5046017188491806,0.5022263691537371,0.485602756939725,0.5152330020437911,0.4889308803835148,0.4889465567468083,0.4849903155188934,0.484051805870675,0.5022894088009972,0.4744381017639266,0.4898247750534939,0.4803084183963924,0.4979135395398027,0.496355696492192,0.4842588567731499,0.5075919085689062,0.4915924539084608,0.5035177624949837,0.5106494307455093,0.4949678482963602,0.5168143825643748,0.482258571961365,0.491361324192825,0.4829569333725953,0.4754922707691414,0.4975189553696066,0.5024999293149771,0.4955040782194298,0.4995246184499857,0.5047698822883401,0.4807654004208243,0.4799178706398997,0.4912760098615164,0.48367616575828903,0.5156797011484647,0.4806622364901386,0.4899981887304841,0.5020624996588143,0.4861865251596443,0.5004945149009818,0.4894273443384175,0.4904311598008454,0.4910874357540302,0.487875900753815,0.5164195492077881,0.4936991177594564,0.4840912411263103,0.4781431163576503,0.4830601020006854,0.4981934416343588,0.4872394789422858,0.4970765590590186,0.4945873163616322,0.4970677584168729,0.4843516494967631,0.5027974372678911,0.5036256055162092,0.4867829749772668,0.4823090998332178,0.4970210163397346,0.4972818138863643,0.4891194602342048,0.4964668399836594,0.511733157928145,0.5067028107796453,0.4881783097253634,0.4849329192023906,0.4810914276955025,0.5016006473291085,0.4965920735110514,0.4936397152446448,0.5028841020503313,0.4853475470240608,0.4719094248256577,0.4986547335404015,0.4853620833860698,0.5023399682694097,0.4931126869895493,0.4806299132382075,0.495017497307344,0.5096745706531383,0.4957413219121058,0.4936131189682038,0.4900630276618511,0.5106940721914283,0.4864219269922666,0.5014874381514829,0.503621022862603,0.4898303761776986,0.4920653325668509,0.4912481223751667,0.4952098709476561,0.46931694933462004,0.4995602020775138,0.4908380867326418,0.4931979654615275,0.5018075164114079,0.4982417966353638,0.5018603992298982,0.4911798187258477,0.4845748104840124,0.5008157908007724,0.5104347936067272,0.4803640011293509,0.4773312132419189,0.5051284054916372,0.4918954560369129,0.5221401245724719,0.500939378162654,0.4808471057421094,0.5032446137548626,0.4774001638884335,0.4919576496909624,0.5002229633685809,0.5099919701169898,0.4916275538980104,0.4807126240934088,0.4925138282417496,0.5059988595653679,0.5006424355265018,0.5010096537404097,0.4985330764806305,0.5058606776588115,0.4922618389116308,0.4976145618929443,0.4800200077130136,0.4936677334919529,0.4830134207610655,0.4905526495811521,0.4582850214080191,0.4941035794378424,0.5041861251139154,0.4713900397747312,0.4811783882886253,0.4831460494162438,0.483393938123288,0.5082117693659305,0.4918913569308951,0.4866887104504407,0.4846076900691393,0.4977411013741477,0.4857224853202642,0.4843123613636101,0.499734357022445,0.4884361610029276,0.4780414820571704,0.4809370311670014,0.4768082765436459,0.4865188123225002,0.4976095349136129,0.4981325843832747,0.4865920815387677,0.492473692398168,0.4866273539043022,0.4792615120126139,0.4853125386709712,0.4939134462576308,0.49072514154405394,0.5071777766737852,0.5007608733331272,0.5058565207377921,0.4814458773097359,0.4798142904789544,0.507105611215684,0.505776677519142,0.479380025764559,0.5015503155414366,0.4838995458036221,0.4936500300817773,0.4938636013941487,0.4911080624670657,0.4839561648374273,0.4913718639720229,0.4971254579348401,0.4905285655072742,0.500143944067992,0.4845711896688362,0.493522588809375,0.5073418242694406,0.4877185825923436,0.4998655615299119,0.49943869565404997,0.4943274457311301,0.4924114177300356,0.4950248087703578,0.4969363634848776,0.5055888649708474,0.4910272185293515,0.5238902173072599,0.4878020568640077,0.4997269814077217,0.5107066855407913,0.497005949798062,0.4868509718890984,0.5075030773257819,0.4855887693412963
2007-10-05,0.4827952074466983,0.4971881246895583,0.4888851617322632,0.5054011825952579,0.4783317890714557,0.4861877622847309,0.5075910905181642,0.4788581278917081,0.4902263503880002,0.4878393041978633,0.4988821427158477,0.493610163534161,0.5066837197618257,0.5049636314803689,0.5058175063613239,0.4931441189413428,0.4899508376301089,0.479507018883625,0.479644798274984,0.5070089039270129,0.5101180571691212,0.5030538711016649,0.507509946739574,0.499645771444279,0.4915361682765984,0.5053461503149748,0.4907209949822167,0.4825993479371473,0.5009884444984078,0.4887630744935053,0.5069420468954892,0.494713028598821,0.5247935981715892,0.4944292382003711,0.4913816147520425,0.4780939342634069,0.4791202236008881,0.4944143501506238,0.4707375380268186,0.494323037334933,0.4742192746400682,0.5026708342031126,0.4625779093235651,0.4931523446177872,0.5036488867251017,0.5030973077564364,0.5141956000701846,0.4903325728248432,0.4409053840383874,0.4935655931783482,0.4976227696088222,0.4788050837220794,0.4968489499574136,0.4999718324478086,0.48795024622583205,0.5069952156549203,0.4926874977749353,0.4849034944574266,0.4903245575701669,0.4964456661988874,0.4956533897663981,0.4871850763676213,0.493286024347767,0.4919811934831592,0.4951428530328155,0.4873424336940581,0.475689545643729,0.4883092135576048,0.4927078237361351,0.5138921038528953,0.5041093715110702,0.4890144593901051,0.4954562138285487,0.4888763805422138,0.4913682999705532,0.4821600231749872,0.4881323633966062,0.4937086792110056,0.5083791388583234,0.4879117117317054,0.4935949740555157,0.4910849910295953,0.4950216448651028,0.4970288790176564,0.5080257613264888,0.4922100740366455,0.4875230733844414,0.5035584505926874,0.4934893841614207,0.5047709581089229,0.4722635208027666,0.4613370535947587,0.5043589833929273,0.4918167833694799,0.5050045829973207,0.4948349623918789,0.4992872735497205,0.4754826532487692,0.5129361224171399,0.5101529477531266,0.4759426880703387,0.5023232764686437,0.5049329043078442,0.5115723020732628,0.5094906740702076,0.4958359147269776,0.5085785262995008,0.4945129931767151,0.4925129847191802,0.4861181080548096,0.4876344122652915,0.500639010628573,0.5027192397916532,0.4977086463187066,0.4880942218540829,0.486501481425451,0.5012199812238632,0.5104150245350074,0.4996095373528471,0.4762466630460499,0.4992694279815573,0.4869732993397258,0.4922700447318028,0.4868495787469442,0.4916219354219306,0.4977650788643265,0.4878825962598139,0.4951909717789451,0.4973601430852082,0.4920242409106482,0.4955647326305267,0.5111564104155651,0.4969773263446354,0.4914338401840462,0.4858559224114793,0.4838868593694455,0.5035974273681006,0.4934069968789758,0.5036802436866838,0.4998670465515353,0.4923413399021201,0.5051939782755371,0.502097197120759,0.4908675919248106,0.4987298014711468,0.5119881276462875,0.4907845714513522,0.4932743355382506,0.4752105650818945,0.5008640819215773,0.47481935829799293,0.4966714314027171,0.4975802293817178,0.4798290419646045,0.500437194703077,0.498228070101841,0.5261021261067274,0.4959602730783899,0.4957820151563606,0.482975317384031,0.4815387432111509,0.514946778289774,0.5006456872997234,0.5135735066086458,0.4868616526554375,0.4872997292642004,0.4950270980370834,0.5082525778635181,0.4909786603209238,0.4954587915851472,0.4827148011555314,0.4820155963673752,0.5015332032508024,0.5015827842481357,0.4903876003620578,0.5191760754743402,0.4965861417056779,0.4788050837220794,0.4961837674961882,0.501714457474986,0.5029947462899408,0.5001302541540977,0.4857965670364362,0.4853879105759114,0.5210444118752784,0.4857654429097464,0.4976833984529898,0.4971444570068808,0.5049610781953249,0.5001413087214497,0.5006424605277208,0.4905500459761145,0.4823930286783367,0.4919666705126296,0.4871293939200888,0.5103192059669174,0.4976226013520461,0.4816584423667046,0.5037685730399167,0.4805451883273931,0.4936750129074881,0.5158192786092725,0.4839165912158174,0.4997657042728773,0.5096057604964982,0.4841651489417628,0.506164062270667,0.495299338318899,0.4956760455911868,0.5164660040970512,0.4798267174678633,0.5184454500854966,0.496748350521673,0.5108914315004001,0.4823822653726412,0.4863751257882437,0.4931196847296418,0.4858648514288375,0.4751884816825314,0.5051813456831776,0.4972890306487945,0.49482841067292793,0.498458182810931,0.4956542283762934,0.4894686078682917,0.5004179306674741,0.4955767832046794,0.5084241352067591,0.5033531190731654,0.5197658057157959,0.4879864597412114,0.482464139155022,0.484641292868551,0.4707389211385243,0.4981373881111189,0.4973485916739117,0.5008103567764691,0.5034968910394017,0.4903821970909836,0.5124238620135556,0.5096385343684146,0.4829178108604811,0.4889159852975654,0.4957507478480005,0.4837194601168924,0.4841288140541904,0.4978860762365305,0.5002586722387204,0.4946680392169975,0.4937660767159549,0.4835118713656162,0.495000453119497,0.4902260385720129,0.4744579841957558,0.48681577164432704,0.4798173515736319,0.5081769270903495,0.492827951812072,0.4821282511128773,0.4986324232938294,0.5007470712451532,0.5071785535683883,0.5095206343936669,0.5052326308943951,0.4867838760601086,0.499697989585758,0.479988875934772,0.4900063765423419,0.4728428203876924,0.4906237729440349,0.5066622542132017,0.4953443400721033,0.498454032670908,0.5023671742028422,0.4814442421880979,0.4936421033452702,0.4901024665120883,0.4796734010429369,0.5115605804451862,0.503437461403367,0.4913466837463949,0.5141382010867035,0.5107777007001866,0.4839657380339517,0.4929221239067326,0.4978639551726147,0.5014836268058981,0.4914580136047735,0.5004422115837666,0.49840770256018296,0.5010653603406996,0.4967505840305994,0.4965442491362543,0.4955651079002478,0.4793488704771636,0.4988249141628444,0.4962567772208977,0.4964463179722192,0.4884319240462128,0.4843805744950873,0.5090191266363433,0.4854092681344453,0.4919536463463274,0.4871386700426918,0.4965050945177553,0.4977619503157994,0.4864027782005102,0.4833084854103192,0.5121193116408956,0.4964683130930371,0.4949954017903528,0.4928709355047139,0.4598593136378141,0.506063159803402,0.4829338211407808,0.5097727331438617,0.5008287799072243,0.5099665739371642,0.4711399557126534,0.4955293640516157,0.4870066466521311,0.4886480985418492,0.4943170303975553,0.4873954844765242,0.4952777050362586,0.4841530313981296,0.4945055123659159,0.5072920184114013,0.5049476816145022,0.4937392615204177,0.507094201317539,0.4997475287556356,0.4773842386665431,0.4756971725798595,0.5144884656161042,0.4966627979055888,0.493150422057174,0.5053091006145911,0.5003764374261609,0.4857694194069063,0.4810827045332672,0.4955534493989386,0.4757618431169465,0.5035836819333858,0.4941247039460192,0.5023908705986511,0.5142820640988613,0.488463091986905,0.4975841441031179,0.4917053781102353,0.5160758287668673,0.5009503117894893,0.4906379638964415,0.4959359559175999,0.4938873822579708,0.4905331794694803,0.4900967848516062,0.4859014467069438,0.4930485988505233,0.4859616260591453,0.4895925388634293,0.499487865050901,0.4881683916420898,0.5049688360987666,0.4846169817916154
2007-10-08,0.4894586379951372,0.4926340601908145,0.5009627999492822,0.502429723044577,0.4893205978773427,0.4839205285895811,0.4982899060707855,0.4943078893612125,0.5039193729685463,0.4904004040438079,0.49869443563490706,0.5144137317981139,0.4883949343622931,0.5029581261802554,0.5029854067018144,0.5025054693375932,0.4874701089240825,0.5045632975269438,0.4943875971071733,0.493392424134838,0.4981788444458996,0.5026569137925432,0.4925248865662294,0.4999512003480448,0.5041931954066693,0.4832292224833927,0.4930094741816076,0.4982593585366535,0.4932465252450903,0.4890648234148343,0.4807701716546287,0.5017191530275773,0.4856894035960624,0.4958419957369382,0.4981485690445063,0.489117467910348,0.5023672548599519,0.4915620392942807,0.4754287751926265,0.4987612492089822,0.501756421456159,0.4961153649795457,0.5101348407440778,0.4837149612553762,0.49603584003828294,0.4950054668846192,0.4924301757563233,0.4897866960198219,0.503756827329414,0.4890073886184866,0.4853314902565756,0.4978438373852501,0.4947612893517521,0.4926737172285106,0.4828105208614656,0.4968508477798386,0.4981067607927456,0.5229604173875461,0.4945385852574545,0.4932702313013012,0.4912933582238626,0.4843931456231532,0.4949067805209364,0.5009341454906003,0.5007299575888446,0.5138382835601619,0.4855727298896215,0.491778887002458,0.4992976089082849,0.4865886323603414,0.4951897195735615,0.4906534800101528,0.4754815376964163,0.5066319338648837,0.4951089986742938,0.4870454170196646,0.4854050955809521,0.5123734693738798,0.4990614560343749,0.5043571879095702,0.4964771891984764,0.5007904021923145,0.4917650140966081,0.4981371974173428,0.4950030249996293,0.5054684448684567,0.4890779750838295,0.4935274814332519,0.4895898990262236,0.506970046374468,0.4906743865730024,0.5015709319887436,0.4805833806102656,0.4955896703429686,0.4941959015307112,0.4860524128744715,0.4830689723486354,0.4962806966620027,0.497912943917723,0.5182243006749734,0.4762785727110962,0.4918864020596262,0.4888834005572035,0.4930963663867491,0.4849629214359731,0.4894905465625802,0.4862190646215511,0.5133144527666105,0.4898624696849522,0.4942026124201239,0.5082978938720155,0.48796880569521994,0.490587962015451,0.4937870588081286,0.5030709974226657,0.4955807629762925,0.4890662712337887,0.500096959251384,0.4994756316162533,0.4961981384313452,0.4923821816350168,0.4766599691194678,0.4956073714198578,0.4834386255498758,0.5121067880880601,0.4930433572207122,0.4830487839743109,0.483752806397228,0.4947056604385173,0.495150398581791,0.49660969581071207,0.509949986229247,0.4924969321042886,0.4996719651062939,0.4931492861380134,0.4986706237771174,0.5024599169406446,0.4830305814918235,0.5004203522693434,0.4916832541752705,0.4874430045815385,0.5025557790198736,0.5155914586190684,0.4970576317359693,0.4681736320556375,0.5058683886985305,0.4880083168478295,0.4923063350271189,0.4946058652343622,0.4966914980014878,0.5206376334232651,0.4856295971911889,0.4999902454564551,0.4871735657453744,0.4887729688802074,0.4917518341787343,0.4809062956072143,0.4932120989395392,0.4918329223139037,0.504545955425497,0.5141862245514272,0.495041679902855,0.5067410996662152,0.4823712877557563,0.4917022500253044,0.4976735992488708,0.5004421123441949,0.4965269484731345,0.4969395676357378,0.4952632639533211,0.5031491857049332,0.4978223207423912,0.4944839011921207,0.487156109117331,0.4985148147191842,0.5106810584381533,0.5021134502241561,0.4978438373852501,0.4943987402237526,0.4948420395665545,0.4857415423942802,0.5003083877305721,0.5086574340177669,0.4953245491916581,0.4880925543506434,0.4971013911158245,0.4932508125291225,0.5103725436748544,0.4930138033632499,0.485249979062883,0.5027407820680255,0.4813492647317313,0.4825987265140018,0.5037611905178756,0.5033065191148318,0.4916735434355109,0.4936498431921977,0.4953994187069342,0.4831270624396095,0.4922562067643461,0.4967314694462355,0.5134700963047979,0.498456920768791,0.4976966420002537,0.489168891359057,0.5008921588206149,0.5077673146420885,0.4906234328308174,0.4932084864125573,0.4844008285061703,0.4917281162577442,0.5090451288104579,0.4926017605173189,0.4840888497445869,0.4906249696754774,0.5001054599245798,0.4825062930574034,0.4973115113899709,0.4843842721322452,0.4918789181071684,0.4914917203592846,0.4882461784472519,0.4897050177244656,0.497989884266317,0.4969463256211497,0.4957541524104017,0.4964924446860104,0.4845668139963946,0.4918340274310447,0.5027919342515674,0.4961804927147836,0.4973370622773411,0.5069066347107557,0.514769769693447,0.5034346784131616,0.4957060409117188,0.4904659928884969,0.5031509472163426,0.4916848814788366,0.4957299394962361,0.4931076330755799,0.4896236683968738,0.4944602039827426,0.4953379858427311,0.489620961580448,0.4945049839465908,0.489299574974422,0.4900049034851397,0.491450462758877,0.4892687495783104,0.4894381664403796,0.4791543550012808,0.4844293662330474,0.5084547084424329,0.4971332652133634,0.4996785333372678,0.4942342107001935,0.4908730340791499,0.5009860994900142,0.4873389661032215,0.5051436941303368,0.4882058485322887,0.489181257781861,0.4964550299913266,0.4819697959874362,0.4989368631476505,0.4933165019897901,0.4831364012817629,0.4792452111221219,0.4933978558518601,0.496918178065015,0.4862640065289877,0.5047800730349314,0.4935521219506615,0.4936525380096524,0.4921280655724616,0.4903388522146896,0.4891568568454136,0.5045838901492041,0.4888986217707527,0.4931907585164944,0.5147902958952391,0.4915602793308936,0.5173568469504218,0.49707617132640897,0.4806795329548077,0.5007204957594061,0.4915748634286519,0.505903022601325,0.5111548863713089,0.5162173732645752,0.5082563369076488,0.4918146620431914,0.5000844485327656,0.4887797175489882,0.497022384478179,0.4982957084197516,0.5168192208876299,0.4911684009230541,0.4964593732504237,0.5033540744090038,0.4931889607442797,0.4914344419015044,0.4806606891786255,0.4933380408258018,0.5085874096684643,0.4989699252012994,0.493583020479019,0.4935736183462125,0.4944868057454828,0.4896132088859521,0.4863307798096601,0.4876496464119252,0.4971736229032917,0.5177750883864507,0.4863426568352718,0.4893159968386859,0.4907589489653765,0.5077073115054054,0.5049652521375667,0.4977541619971587,0.5063495175837718,0.5119022243312127,0.5015986182760769,0.4968776463900562,0.4942436916733241,0.4867088472770292,0.4952801835133498,0.4925118192429228,0.4844925185340293,0.4895657189188737,0.487558832250408,0.4936672354019561,0.4947369070796087,0.496263012015452,0.5005229648525871,0.4877819541212286,0.4893792725459985,0.5048307129698991,0.4974415883495205,0.5074373683589578,0.4941871463587266,0.4921188777237689,0.4966570446751251,0.4872582396354655,0.4951649987425457,0.4905575066669141,0.4928836512605243,0.498354752340012,0.501510729736259,0.4922634892641654,0.4971271962141414,0.4897054032558352,0.4955950926600838,0.4948026609655746,0.4990331700403165,0.502068691884804,0.5058155627245782,0.49905958550565704,0.5026385668256562,0.4850949388637947,0.4830733047734616,0.4950603953867932,0.4997190566622453,0.4923279631864716
2007-10-09,0.485498374835389,0.4946562526040342,0.497991554498949,0.4978195296208003,0.4929718457021565,0.4830240045448644,0.5074729450534478,0.4833931306261287,0.5111731498234569,0.4889489613745635,0.5041826571320974,0.4953453233013133,0.4876316043276381,0.4880933911622253,0.5004081648676142,0.4888415355265415,0.4901460695657154,0.484810806858715,0.4966145255835623,0.4949112381450952,0.5136087776857113,0.5064602556895559,0.4991808182406503,0.5103634290244552,0.4904128820742378,0.4913481587562944,0.4941251373809778,0.5003248103569738,0.503214022461141,0.4929240478640624,0.4875128203735834,0.4883733291012659,0.4936679910662958,0.5038600255364264,0.4915702716376518,0.492590217505105,0.5058855502962858,0.4921448368383547,0.5135564378537564,0.4931022736256809,0.512041578679498,0.4981369883138647,0.5096388224047157,0.4938941806393521,0.489021197946883,0.48825243149529396,0.5014270570956241,0.4890667375192263,0.4924857651453052,0.4932833081207174,0.4914529510971925,0.4865721715802601,0.4936744186086606,0.5008323995511287,0.489468727300673,0.4638578968554357,0.4867380368206469,0.5063723789070408,0.4615948923587032,0.4931167539487676,0.5045282930627779,0.4915068352826771,0.5002314278702813,0.4996317834690916,0.4939105027087146,0.4915710854117612,0.4989976875915385,0.4933842427207946,0.4871734137104543,0.5080713491245543,0.5073320505486282,0.4939159433996557,0.488517048240519,0.4885535471590866,0.4932511030694755,0.5035938359019911,0.4865861706314415,0.5095881939124906,0.5003678303640197,0.49652759272457303,0.4902373039704188,0.5027856111981525,0.4832039184213693,0.4924591761022142,0.4981061766598334,0.4896958329809202,0.4953424786351912,0.4843411190398755,0.4992907674816937,0.4978968973654425,0.4775759956347157,0.4939755766754033,0.5004237854642647,0.4903826062208274,0.5095146442276365,0.4837661491365589,0.4933833161809068,0.4841558353706621,0.5002028171665399,0.4954537521204043,0.5218436777339395,0.486177251787001,0.4921369198205897,0.4884988212477984,0.4974416795662934,0.4892502029617881,0.5084310089460288,0.4780405724653952,0.49207788435329103,0.4989593262507,0.4800613378960217,0.4951044990673672,0.4985055441824273,0.4922453170222792,0.5018306163753445,0.4931143555943639,0.5123568615318649,0.4964130503914361,0.4771482683523804,0.4980513767246126,0.4853135289634733,0.4894255085145194,0.4875953532883833,0.5087211028271702,0.4894371437096206,0.4906140237549751,0.4947723031084317,0.4896096393778652,0.4917214298210253,0.5049637471324401,0.515261364952736,0.4989940394076732,0.4932904812031115,0.4919452513445932,0.4778135605934802,0.4901758290316694,0.5141625263681081,0.5191267877434947,0.4985249083132307,0.4905958543028652,0.4891544079467136,0.4885634786328776,0.5183672022900747,0.4764340419005588,0.4895293653238613,0.4987308792971295,0.5055813776854111,0.4833875370954922,0.4977287941671549,0.4914660220078248,0.5068682450132291,0.5155434152142704,0.4906008350039128,0.4933273102889029,0.4983369431335574,0.4914190675219415,0.4739574420087091,0.4975675905585756,0.4885575745233649,0.5020001818780844,0.5164225092688388,0.5003577569715194,0.5083607274786089,0.4837584185575948,0.4900335836081112,0.5212075969857972,0.4846234301172087,0.5036064505218362,0.4927804962509962,0.4928976378350373,0.48838298487358206,0.4908881291546239,0.4961132749957549,0.4814913940879517,0.4960218672051253,0.494436660828455,0.4903585103951811,0.4865721715802601,0.4900639812408726,0.4852226882181204,0.4848991551753859,0.4944876826724923,0.4751008734196329,0.4976724530696723,0.4849894321704668,0.4946155387484748,0.493923873394201,0.4906482959041979,0.4905365893708839,0.4980874669031181,0.5038985228360376,0.4990792500703839,0.4916913978168861,0.4803109155057276,0.4886098620626811,0.4955109770313398,0.5077706295939887,0.5042738988958729,0.4957522026425954,0.4984136017703954,0.4968692942776929,0.5072666246810834,0.4991798511321241,0.4956395818708278,0.497930356255591,0.510089435496855,0.4965667084374869,0.5068367834379517,0.4930010512513827,0.4873094977422083,0.4896837753538264,0.50225638112938,0.5093765946078532,0.4893348561186863,0.4974245739534681,0.4972759256028884,0.4901110840000775,0.485553917171719,0.4938124085848854,0.4955468923660648,0.4968245148522414,0.4980922074185642,0.4978019221156512,0.4891981352181446,0.4992048942752778,0.4832315354026474,0.4907723208794302,0.4860092949481734,0.5083506950673423,0.5110595438958594,0.5027908552940584,0.4917643483817375,0.4854939500453502,0.4981582941297846,0.4953627233927246,0.4820528287276144,0.486484375784091,0.5093753275743163,0.4937152430288086,0.490619358791079,0.5138597185719547,0.486711454770673,0.4783898580441287,0.5031582262009797,0.4974631598965158,0.4987734910539825,0.507565880730386,0.4942363209949072,0.4843200847523514,0.480884119941374,0.4886933153255034,0.4839301395496581,0.4772945738841546,0.487562586767836,0.4961514080925071,0.4945124429805644,0.5030316172827043,0.5104550928499485,0.5086004343697758,0.4971765127778173,0.5140644668040921,0.4736538192115661,0.5048089866624179,0.4950590819185906,0.4966802327007119,0.5071975064543618,0.4926991157456229,0.4879591861876635,0.4898336396999867,0.4958060741865202,0.4973302364124526,0.49454394475336605,0.4983472551321042,0.4865738427539981,0.5023660022348188,0.4770650578177305,0.4911838904805092,0.5065886864749901,0.4940006521518642,0.4918539357600599,0.4852338103376242,0.4871507246253811,0.5039731650290945,0.5035512250677037,0.4878391973241684,0.4877890862707074,0.4892494672663761,0.4994128550176557,0.4909691085934909,0.4921171560916662,0.4865288568943224,0.4915018866235388,0.5193581570166969,0.5111282679906719,0.5052327392278383,0.4928675736378149,0.4928467434890408,0.499484631858669,0.4856364127248117,0.4874742273633759,0.4977107098468449,0.487905615200147,0.4888870771477751,0.4952031191118616,0.496658990849593,0.5049889778185703,0.4967268019346437,0.4911292099767503,0.5065429483583034,0.4914669627582711,0.4988249368654161,0.5072581656482984,0.4897314096911504,0.5064441546278473,0.4872641615339224,0.4993093562535527,0.4876547436243989,0.4923529319115858,0.4843863115309055,0.489159891615293,0.491193414481361,0.494658059525017,0.4770473145616369,0.4987699662874943,0.48743149749909104,0.4905055391414025,0.4830731179049672,0.5155734137109586,0.4962998258196412,0.4784479558228272,0.4862024846680553,0.5058864207050454,0.4984451503178847,0.5069672611681783,0.4913710140137283,0.4985815397108421,0.4765507997529356,0.4964850480938397,0.4919914371017158,0.4927284120823226,0.5055708849454678,0.502083796448483,0.5036992499232147,0.5026214965692933,0.5093774913047985,0.4979594405823903,0.4871295184749702,0.5036095715765956,0.5065796434205834,0.4850480637367429,0.5087992733829878,0.4978606761080916,0.49327995952546,0.4959621334012516,0.48659538890218,0.5000356671382367,0.4943617614838754,0.502087954606264,0.4904950988700693,0.4948970916707605,0.4843266259498558,0.4919758106014327,0.5027724129172857,0.5272939396442766,0.4947980248580605
2007-10-10,0.4950485763533252,0.4887780891346422,0.5187404750191522,0.4977485677308025,0.4997503227239123,0.4962910921513583,0.5194661009989917,0.5008176473093591,0.4946828229196476,0.4914584973670808,0.5066119924684847,0.5086675073372352,0.4844132872973676,0.4940156566389887,0.4942971691285769,0.5016819656832757,0.5169027417529466,0.483395913822919,0.4831996437408642,0.5096795985771355,0.5082525791902767,0.4977529462847794,0.5135988059375237,0.5108216774920347,0.5132781140086004,0.4993594785263802,0.4892299800167159,0.4956466263147576,0.5195729712413749,0.4979330413510903,0.4993963044643975,0.4984595172186702,0.5090375387057339,0.501161276308527,0.5000818334447404,0.509325104932994,0.5110753008585222,0.5020532665600276,0.5124982160679568,0.5024852149253833,0.4952444769869296,0.4903375917229797,0.5299666420198139,0.5266901865955611,0.5030620510218514,0.4953469659451232,0.5097110758768628,0.497964251776359,0.5044568797570154,0.4892193955058682,0.4984816598691044,0.5164038057391189,0.5096580159197317,0.4810891361406305,0.4874920224563634,0.5023941956774955,0.5051175430470681,0.4948507785002281,0.5220974964977259,0.5097886826749801,0.4890688783846201,0.5068118636753652,0.5029756875849063,0.5097867009338508,0.5055933157103781,0.5187790048545737,0.4981646005992386,0.5080945905481095,0.5124380065565217,0.5091223326659916,0.4966696769327515,0.5110160412353836,0.4865837576245839,0.5370540330351483,0.4889695011369447,0.5071760410915269,0.5000699204021191,0.5190683481003903,0.5153414386633736,0.4961017791485317,0.4937923545160383,0.4948236736565063,0.5013028288970425,0.4980684933726378,0.4979541826090112,0.5001401163327901,0.4890817084017346,0.4722247066482804,0.4991726797946853,0.5476477969167465,0.5101051783135466,0.5009611555668414,0.4835062970963373,0.4893444301683209,0.4966917485762184,0.4870295477219085,0.5014541053003612,0.4820792876771802,0.5111637897797634,0.5043104544882004,0.5060700448831901,0.5061523671246423,0.4958014489923362,0.4990274192306877,0.4997959969089637,0.5016167617891014,0.5034747225727263,0.5147696179212684,0.4938109870008029,0.5079736969757159,0.5200736137793418,0.5225420120356344,0.5052769081442491,0.5022700233706481,0.502651179653944,0.4855621365884766,0.4860583856966201,0.4907004043669952,0.4936380495836054,0.5098484901436192,0.4919831170421231,0.4856708100743294,0.4976811935608199,0.4864838788868885,0.5153630573144181,0.5152871057068331,0.4864874697788743,0.4942083061498328,0.502002819017892,0.4920315993250041,0.4970969528859431,0.5083136924552099,0.5124787534514822,0.4912152084737702,0.5206838684123914,0.5066227317220527,0.4916048112722552,0.5103362472563266,0.4913586233812657,0.5166265294045084,0.4921419212035684,0.5166754792313418,0.5295030043272767,0.475189789025953,0.5055900022923884,0.5304540035580336,0.5081792495225215,0.4826206705449458,0.5158300885865119,0.5086121420670516,0.5088382176532981,0.502663248205925,0.5027801503553818,0.5123576312244971,0.5006593252126303,0.4849404872330617,0.5032852050144785,0.5057802455694651,0.4889320684965648,0.4985823084928624,0.5282928337521658,0.4989593196641044,0.5032916011594055,0.5023982963127185,0.5262437939924891,0.5069199365535604,0.5234184774703983,0.5007365965763861,0.5088788492631869,0.4958365114298154,0.4896526950854053,0.48940845057410504,0.4979064314545642,0.4957714068571311,0.5135012823189,0.4911410485630647,0.5087411760386474,0.5164038057391189,0.493883578009582,0.514461246781338,0.507835936270421,0.4996925587016651,0.5297572745292488,0.4716182249729856,0.5033955284936319,0.505337569405086,0.4877861568009234,0.4881659794772833,0.4949883075746714,0.5158212676109722,0.50418811447865,0.5071650667659718,0.4904051478404513,0.5226774643086767,0.5000228512631563,0.4995555161832938,0.4971710667466104,0.5194300947317098,0.5033505975154533,0.4956169323306477,0.5007347148957555,0.4989565152269982,0.5051383288412734,0.5074102003937994,0.4925654629200419,0.5034176451704516,0.4909627352580986,0.4897434674714806,0.4970722288587718,0.4974221739817173,0.4924231702791866,0.5013918910340809,0.501531270825385,0.5059479298521888,0.5147626500502301,0.49237175193184,0.495124132044111,0.4988603552276892,0.5081354304046156,0.5089596957083017,0.5000319337162308,0.5113557154337723,0.5016436756036979,0.4907233408219442,0.509894117272111,0.4951931090133674,0.4894812654907033,0.4995261816155674,0.4982090502987692,0.4904231474925798,0.5040109768504963,0.5166283580612689,0.5197188724147433,0.493826324863594,0.5040196442839932,0.5139858493382738,0.4868418484369358,0.5026185391442856,0.4910261028962551,0.4887732821685509,0.5165921912524541,0.5167303227554105,0.4917312960022089,0.5100704271138686,0.4919490051105801,0.5117698156701475,0.4952507947810233,0.4998269373343054,0.4841687615576862,0.5117467188012339,0.4924882103609912,0.4966341772695788,0.5068054362746958,0.4879050937081618,0.4902729702526439,0.5069112849215376,0.5110198222267308,0.4946793777497937,0.4888171097636762,0.4988158996067298,0.4962113663120051,0.4992312187149482,0.5086693718391813,0.5090350933991676,0.5060616686076213,0.5069217667644926,0.5226217702600016,0.4906305970461466,0.4922163385478244,0.4994484811445232,0.4884701779564092,0.4935117516561584,0.5022000338913681,0.5034307156477441,0.5235272723039854,0.4778246414295273,0.5020134642874613,0.5086478717154617,0.5097563046973281,0.4973842044212796,0.4987366204109406,0.5164568507769818,0.4989555101590861,0.5000677617581814,0.4887488958005645,0.5041083670094928,0.4991500238838212,0.4949895528998006,0.4946390742003341,0.4966201889424525,0.4951894520876847,0.485929782379,0.4895922335604153,0.5098944899279045,0.4858335486136342,0.5014389586471762,0.5069153175877064,0.5168156013442473,0.5022876804032912,0.4958385863937496,0.4929335338330384,0.4921592520699643,0.5027246780304365,0.5061011562656248,0.4945885557590431,0.497617665501481,0.5166512836297269,0.5013877656959326,0.4868892213715254,0.49281765112095294,0.5110403845774196,0.504136000139386,0.5082990408502818,0.5158269194440273,0.4978837294015344,0.5044323666873355,0.5103096220468482,0.501742132183975,0.4993317257422212,0.4951828834348213,0.493093612795214,0.4941735988063346,0.5235916162517068,0.5067032008979354,0.5052172350586318,0.4828867296621188,0.4990370152339502,0.5017955511582216,0.5220368042779708,0.5127583409345717,0.4950388377519854,0.5011032489618772,0.483349271611899,0.4918662098890749,0.527701527231219,0.5141210517527317,0.4962480760187051,0.4934162810140925,0.5054434789669557,0.5056021420446385,0.4986294022477324,0.4942389683820889,0.5068394211596743,0.5184868158926333,0.4866293300843626,0.5172976590157983,0.5057240584924868,0.5009564305416377,0.5236999071313544,0.4927869201335861,0.5282977496205461,0.489885226395167,0.5208364469448603,0.5054037912966745,0.5003642202448407,0.5094107434975202,0.5085621138392027,0.5060131731658889,0.4962377613637434,0.5026057662827917,0.4987839898762282,0.5021338505230392,0.49953108647984007,0.4797543383645929,0.4881103019151523
2007-10-11,0.4963209222083456,0.4792312273944632,0.4921274447377464,0.5010093616771872,0.49697226135436207,0.518189337245019,0.5090221281268198,0.4993773569472061,0.4864967352755454,0.48403663441460704,0.4958239969153674,0.4946928103739528,0.4824746706646224,0.4879792060684499,0.4818850290874502,0.4954703747452136,0.4992575214308822,0.5129707153931752,0.4861145404041592,0.4898642367704787,0.4896345646985524,0.4950075514953709,0.5052330193189327,0.4979901938560633,0.4898986736081842,0.5042673682924133,0.495827969870198,0.514782956820016,0.4940015286336216,0.4940931829961061,0.5100937978618155,0.4980998351570065,0.49330214879711404,0.503177738481161,0.4966397379639921,0.4981858727698521,0.516709965869108,0.4965360969294914,0.5104599717954208,0.4898667170390194,0.5155246397400011,0.5031740623854053,0.5092998293154859,0.4900670337960725,0.4938890591148408,0.4914510806401309,0.4958483662413337,0.5013616655185719,0.4948451439162573,0.4932969973718005,0.5095339770426746,0.5256879376084825,0.5057213551131838,0.4900467581231528,0.4806930347028216,0.4893525218640916,0.4898570281209715,0.4960362225605416,0.4959833260435663,0.4970467163830645,0.4895203221035884,0.4949266454408418,0.4883199986686356,0.4881343170177745,0.5000352021431758,0.5127114637362222,0.5085047619042045,0.4985609631127438,0.4979393286938068,0.5020644726273521,0.5041616394123799,0.4980006383864452,0.4876085304562826,0.5071877404192147,0.4904285900552087,0.4957334094450525,0.4733505606093944,0.4971541221464486,0.4909001892642707,0.4867146210477747,0.5049617814155599,0.4958253885364989,0.4940415294014663,0.4915934549096003,0.4907605588816991,0.4974332593197338,0.5020661634581829,0.5032218387666236,0.4975302085201147,0.5154158435485243,0.4883586712547346,0.5091966862367039,0.4915087191384245,0.4922090824181256,0.4983075195222934,0.4997571061796758,0.5052491226755,0.4948666882446491,0.498058661822722,0.5098791580341764,0.5004269660267616,0.5145925610942613,0.4876490676342494,0.4943334282551121,0.4982474275674554,0.5034947666873569,0.5081048397712279,0.5041783192828718,0.5082413558089258,0.4955440450922573,0.5204090087860721,0.5051662429882743,0.4896071077946498,0.4988478166879933,0.49777620100105396,0.5019088591602947,0.4975832263262762,0.4883312015692461,0.4985229383845226,0.49870103044934705,0.4982531485482527,0.4942524463166435,0.47803474178741606,0.4926224617038446,0.4844776546675024,0.5039640138124963,0.4961851670893984,0.4931125241186166,0.5031902377588874,0.4839225550533451,0.4971932252751214,0.4942944708843955,0.49388297302580697,0.4926134062037046,0.4926978269298827,0.4949828136130026,0.5015408943321347,0.5026976268290662,0.4895491741024602,0.4973772106424742,0.5018484436381799,0.4924327503812697,0.5116275998692816,0.4985358155458314,0.5150985694139822,0.4858913810823709,0.5001463270621099,0.4962492423431152,0.5001112631242353,0.4901324218899048,0.4945817353409167,0.5215884631733023,0.4979783310407511,0.50332764248256,0.4874631444939818,0.4867747600851003,0.4878615297187793,0.502804993627108,0.4882087714443042,0.4998343270522765,0.4973435445149353,0.5056681400012109,0.4956464227154076,0.5118860268168872,0.5076907927738243,0.491418407268997,0.4929495984734596,0.4975446308681193,0.4888849580574267,0.4885677342509988,0.4973360344136323,0.4890299594475162,0.4975967153276751,0.4720155205808388,0.4933913018397889,0.481074858274741,0.5066998815397029,0.5256879376084825,0.4958669718338698,0.4976880460491941,0.4977066465347284,0.4928288310561839,0.4967998223445823,0.4641248616208903,0.503269272955436,0.4975960443930659,0.4786961272484542,0.5029720166386729,0.4861611444461978,0.5028887662534741,0.4940932232666346,0.5042010857180421,0.4903941788773536,0.4932979992480737,0.4993497126048517,0.4914050815306194,0.5036548016121645,0.5026645671091814,0.5045811078400758,0.4959644113467527,0.4942918167163359,0.5012350594586246,0.5042088908547873,0.4930504639487368,0.4994026208551376,0.4906504336250791,0.4924426278746105,0.4819704124470001,0.4892045025789233,0.5014011419528613,0.4933793149925861,0.4967173254483885,0.4981251138514718,0.4905435474446966,0.4955729545224282,0.5100808877183919,0.4902497449928337,0.4854136802953272,0.5154942461449721,0.4899898902098109,0.4945209700741071,0.4903473603323029,0.5011551411078389,0.4760585421914153,0.4897553850061134,0.5037865781809835,0.5013603599494012,0.49692582792499296,0.5073095873467708,0.5100481734708476,0.4977829733579641,0.513215843878984,0.4948187915062597,0.5406831337422464,0.4945093059482714,0.4974982262880042,0.49107217410252707,0.5197313848493414,0.4876861731878833,0.5146430394223376,0.5031358329076974,0.5032009808802536,0.4739173852286593,0.4998085259267295,0.4934819831724045,0.5028966168368894,0.4866615567568072,0.4856141765280897,0.50857586579525,0.4933089109357153,0.4890685397083839,0.5046626498729554,0.4967141384957501,0.5037179153833298,0.4875679613176678,0.5108851454257692,0.4982731081622322,0.5142159393939004,0.4927273353640619,0.5026514368061991,0.4842148175432796,0.4924734740865013,0.507844762585986,0.4966832280474191,0.4996534732729038,0.5101304155284152,0.5101524606260095,0.5177978049433813,0.4946042163762074,0.4995604947132728,0.4924729328278806,0.5052653755695026,0.5026594462949974,0.4964782629159137,0.5006797291862007,0.4938955818145194,0.499991756104996,0.4961306424392595,0.5093964722930766,0.4972474615058714,0.4977998027938823,0.5098851605792716,0.4942276156062914,0.5303763463953851,0.4931566917341281,0.49863011171980604,0.4861467884846887,0.4953536032773693,0.5018361065838524,0.4954130953206753,0.492535335777668,0.49276859405315004,0.5184826549498226,0.4908256342156215,0.4979694119743356,0.5050942501921494,0.5039601451871402,0.5043802631877926,0.4954712799595165,0.4820935011441593,0.4958407358178749,0.4941016438090923,0.5015472693448171,0.4965453270579825,0.5008154009788334,0.5225254314412701,0.5016572672754315,0.4841437129095266,0.5100274610491939,0.5032077320480043,0.4980920262240647,0.4885070677041146,0.5072883486483966,0.5042391891136804,0.4737601056164132,0.4978553657717694,0.4963215262447866,0.5213927933856358,0.49796126332518703,0.4870078976567324,0.4814565642931036,0.489769153212371,0.4909093532191642,0.4846025098793065,0.491746979983937,0.4915553527507376,0.4903411907358376,0.4918000811153226,0.4985435704868764,0.4843432388916367,0.49984056324942605,0.4945251811902251,0.4839978013172602,0.4901782739917268,0.5000228809622737,0.4992421141674923,0.4919449405786001,0.4965010224202821,0.4949765715074618,0.4894410322315517,0.4926229406197688,0.4889121171892305,0.4921705032819035,0.5038827748889874,0.46736926029321,0.5092874123848399,0.4778757445234261,0.4984891328470065,0.4858468362739864,0.5036095517104211,0.4773770356427954,0.5101047766300112,0.5004535170741742,0.4958195784526917,0.4914572043897978,0.5039315949296692,0.5028934736224472,0.505143020056324,0.4982488623077241,0.4889223560088997,0.4911691034971854,0.4774895175746445,0.4995641074302122,0.5157105172879816,0.4968275063890955
2007-10-12,0.4819641762328836,0.5013537993781688,0.4920266197450347,0.4985868836748432,0.4916674967024945,0.4850003154606136,0.4920592425697474,0.4834144897205637,0.4948658738105675,0.4808747485254683,0.4900309573321163,0.494919593535025,0.4904379717140069,0.4858164171954069,0.4834909329512964,0.4880704534309567,0.4761912437903264,0.5063819405712908,0.4625771270624258,0.4993638343674166,0.4859546428442496,0.4868017695872635,0.4853329443706688,0.4916118498533835,0.4945969942679786,0.4882778957216379,0.4881476079626697,0.5006299051798756,0.4940173849763354,0.4829953730481124,0.4889841764749694,0.4899803884670816,0.4989237079132666,0.4911982001816849,0.4860835099898666,0.4854524713512881,0.5037572165633822,0.4808414073472032,0.4999171030222727,0.4943945811880109,0.4862486905012995,0.4938957293715873,0.4887184791478285,0.507680311724646,0.4890858809559228,0.4866566825223834,0.4929257526418492,0.4936686059803405,0.4806074608999227,0.4898464307730005,0.4955908629499705,0.4947017582691714,0.4890231296061099,0.4824353605112522,0.4976160947044832,0.4855557283664737,0.4923363741394627,0.4935795038463779,0.4877601752734705,0.4924553989137434,0.4943722069882953,0.4870039113562744,0.5251064591859979,0.5043410123068791,0.4932899785880631,0.4857716485193379,0.4777625843429244,0.4886119478732553,0.4985026420254762,0.4900290420267507,0.4880428214968842,0.4954963858691511,0.4883193629336117,0.5022891537694746,0.4958452453568122,0.4848907662002301,0.488569156219152,0.4960129463190796,0.495686634086077,0.4995175333340761,0.49228480132487396,0.4894714333453583,0.4923192202774931,0.4818926670226435,0.4873220484690313,0.4905485691048783,0.4875304509122028,0.4958534854167922,0.4890903395327094,0.4839579370838022,0.4962627331096273,0.4925385491666385,0.4936325705110794,0.4881676939064899,0.4884072764683842,0.4887361507874198,0.4955375858196745,0.4892131152458672,0.4966957376342896,0.4916343220135889,0.487570743335341,0.5016999955902737,0.5031674500932313,0.49206721121464,0.5159519830824527,0.4953279334046757,0.4900755683267764,0.5137521456906045,0.484698096370191,0.4864923164161426,0.4934287705809522,0.4887630619978535,0.4929152137150089,0.48634620938998,0.4900581703664556,0.491655888884596,0.49513423765492104,0.4924949970353389,0.4743233710830008,0.4888274051167804,0.4922563985367214,0.4911915322107456,0.4848723481942399,0.5201872671737227,0.4798918672224039,0.4971514837859271,0.4956088672861637,0.4789091090230168,0.4988803156006898,0.4861087024738201,0.49326013724377504,0.4901250500333618,0.4918084737148576,0.4997453377684404,0.4947985261776446,0.4832823218802129,0.4931195032904657,0.4923722158050533,0.4929057584044223,0.482567637311049,0.4902784094026967,0.4818159788266059,0.5039705088505724,0.4836844954082831,0.4971279555344084,0.5176429114355463,0.5002937210890457,0.4930925868851078,0.5033981813718273,0.4910827607690909,0.4896167446390912,0.4915785287542464,0.521471513028225,0.5048392774901577,0.4910624421102026,0.4806554938193566,0.4886615509107706,0.4901757330324691,0.4985616611052092,0.5026509288221254,0.4989023187841749,0.4936833034377319,0.5039641390333889,0.4885329327933205,0.4896061444571625,0.4978243853012295,0.4920223358327238,0.4947742189489277,0.4967477977732986,0.4925840437461096,0.4962994026740231,0.486807717679001,0.4968681743669777,0.472586184458156,0.508101806219758,0.5028666136681503,0.4799459519749668,0.4947017582691714,0.4880105889513633,0.4886894853037905,0.5034835038751952,0.4914344630968978,0.5086433059285932,0.496169496028155,0.503256354107161,0.5027560962513983,0.4967835381232373,0.489606002604516,0.5013816533578516,0.4802112852948956,0.4910411231532171,0.4938535022410761,0.4894997706832482,0.5006843630812005,0.4892351973963298,0.4961365991624868,0.4935680486541608,0.4976023378474535,0.4902392591988853,0.4921001587029189,0.4974987595941177,0.4791827541310334,0.4970235512450367,0.4767853304869199,0.4904331105339394,0.4792302128890207,0.4853214654595074,0.4987393340887837,0.4850215128191511,0.4958251650314186,0.4871646078591474,0.4972988891998044,0.4967418923571811,0.4863424109072242,0.486895455973114,0.4653561541150144,0.483138964511149,0.4944432504965606,0.4885487146479487,0.4938793841207112,0.49310578112279796,0.4964162607629594,0.4977244101212999,0.4932057486439305,0.4830161904501517,0.5006782358165653,0.493410723669639,0.4911740744866543,0.4917787571297891,0.5016714159630429,0.4875663735102649,0.4893822646156686,0.5192112629816834,0.4979596717200957,0.4982929591832972,0.4908930175325805,0.4935183321949255,0.4979839617714114,0.4867430994076809,0.4922058961602807,0.4906367722797737,0.4939312586010371,0.5005532040585183,0.4880419969476408,0.4827640353853214,0.4920937895410854,0.5031135785537338,0.4940166303860408,0.4913652318428059,0.4995233142670985,0.4875263858804224,0.4761689637867367,0.4813874771784058,0.4749914243529215,0.4883539364165083,0.4857004470755435,0.4935531263714656,0.4939499452710584,0.4846854081543039,0.4925412760747439,0.4954036207507436,0.49331719370944,0.5078540371152473,0.4927274750391422,0.4834937972033959,0.4958444735703835,0.4858124031178905,0.4915645976336133,0.4886436632912275,0.4918641657659302,0.4913261785526796,0.4821203304291932,0.4925011726620135,0.497218429366065,0.5027037272080078,0.5034905924688367,0.4835721290918481,0.4803033200844787,0.4888761176052106,0.4828177504066948,0.4861165835339446,0.48431395002394495,0.4938268152227708,0.4824827088617663,0.4924749228448687,0.4846771962841092,0.4705611285225178,0.4821516258813056,0.4964763547708983,0.4768993993163282,0.4874265805593209,0.4994786007327366,0.4872066265103587,0.4792365945365623,0.4993799008501201,0.5077717391729033,0.4954323679153159,0.4997481889462409,0.4910100332505541,0.4911040003475064,0.4866018518892595,0.4938027909027387,0.4901313006030078,0.4855045008140428,0.4901644103213191,0.4928289066862694,0.4870930581983332,0.4963304311133212,0.4920137088106604,0.4832358568704443,0.4969812935098651,0.4923748077293833,0.5014951422619662,0.4943858631717853,0.4827182573463024,0.5094363845925836,0.4983133448964681,0.4857579396768657,0.484365118262788,0.4820586324991203,0.4849471431756204,0.4917360356922118,0.4911671641539711,0.496245807629029,0.4864520410335215,0.503625547497117,0.4865332693090876,0.4922882176662301,0.4937658136475515,0.4987885953761816,0.4988661040059365,0.4885431614972506,0.49372167731873995,0.4909078628559857,0.501622957378024,0.4827190988922465,0.4999052882106483,0.5049629588414163,0.5051415093046664,0.49256813183495596,0.4967531376360236,0.499269829341935,0.4899607900386376,0.491751365841173,0.4848693647677803,0.4972858494023331,0.4822694138379287,0.4912309437768029,0.4951278134126276,0.4885877581182373,0.4908358613929208,0.4927229721187224,0.4875622365880255,0.5055444736747926,0.4861515227979205,0.5092880837418052,0.4941878608754655,0.486475112605961,0.4882860247166087,0.4864189044063386,0.4846456653841644,0.4886526483024999,0.4859696350515178,0.51910309405639,0.4953867670160577
2007-10-15,0.5041327824205704,0.4947315874066847,0.5033034419394672,0.5117052569784066,0.5109924977321537,0.5202151740917176,0.5004087751708775,0.5074918768484048,0.502804130476515,0.4980006108112249,0.5032291853171782,0.5119317037040921,0.4926526161534181,0.5057420162373364,0.4995536377463696,0.5085330954140345,0.5074338422952336,0.5163538281228326,0.5198309953276914,0.5031610156584367,0.4886414385971032,0.521512021440978,0.5255666562599699,0.5068783894744925,0.506196109985083,0.4996652794626581,0.4792036156022047,0.5292215629785759,0.5014944678606683,0.5047792188509526,0.5086561594018341,0.5157649407967466,0.4814356938573106,0.5099642257318484,0.5036117347853247,0.527595220067404,0.5333487414837763,0.5075343935994243,0.500570785758521,0.5013304833281801,0.5463093386161493,0.5188320895025059,0.5278682015855879,0.4827371408142066,0.5143570823821436,0.5244614065901968,0.5216533203906384,0.4999812806606338,0.50993081957521,0.4971813085713059,0.4987462891342929,0.5025204416562168,0.5286727180064729,0.5254857447478225,0.5141396686980868,0.5030352790805477,0.5060359482891423,0.5073609606642371,0.5191239505131546,0.4971740963875004,0.5124304538397698,0.5231621638654662,0.5501067683903202,0.5077635510583812,0.5102191867073365,0.5288278510719292,0.4841621539854289,0.5135044631071958,0.5136999392122181,0.5071416560890617,0.505444664580734,0.51179052262978,0.5069979653665316,0.5092554738830558,0.5057713879224623,0.5019454781294171,0.4864169662689485,0.5044291486310901,0.4994173594870622,0.5021625111788133,0.5156592648020584,0.5026509522942972,0.5008266147498207,0.521538143630249,0.4968500306257339,0.5051376534652248,0.5037918900611502,0.5017239691196451,0.5001509959231387,0.5058425538176414,0.5244441742261392,0.516946762903086,0.5019766711448954,0.498489708791721,0.5093381659096274,0.5209434803824122,0.5114374180667299,0.516505056264256,0.51818369977402,0.4975950558658753,0.5084348172750004,0.5073940438754571,0.4985810355098336,0.5118674262312507,0.5122149701959673,0.5082274084641082,0.514440901856735,0.4961711303868263,0.5238389779883655,0.512984670022397,0.4934593771578343,0.5371428965046683,0.5126149972446536,0.5048420039575103,0.5112477103381324,0.5023773437767121,0.4951566734953313,0.5038232288572895,0.5151289470301856,0.499419500273989,0.5132707817542349,0.4887054269765962,0.5001085757542875,0.5121887134707954,0.5052939530807002,0.5006826263818855,0.5107060783470746,0.5031333820473104,0.5038722314797971,0.5140495410491014,0.5111326377760556,0.5184397259172554,0.5101348686856659,0.5058256364993776,0.5187650023918539,0.5208954893784042,0.5088284745389523,0.5032819773222934,0.5102650717773607,0.5021563480920893,0.5215580272675291,0.5127907926798276,0.529070142696181,0.4894487848408107,0.5272996143045039,0.5028957263074494,0.5272376027832965,0.5012535851205093,0.5542239830824391,0.5065185292329518,0.4994206889226846,0.528300988714053,0.523963278311516,0.497691175723102,0.4938738452029098,0.4871654475641646,0.5041268976389327,0.5103367559709983,0.4979640992739786,0.5166369359940483,0.5398733014330964,0.5019672508568944,0.513721479715475,0.522693947797368,0.5108666982842298,0.4982387944927595,0.498022668456591,0.4998645821923275,0.5077965834359411,0.5099385572643775,0.5024760347059634,0.5194866689237205,0.5175000044856516,0.5218445428138795,0.5096751124849084,0.4864672779220906,0.5175049659651754,0.5025204416562168,0.5243654959457237,0.5096797867667257,0.5288451426545426,0.5048318458643243,0.5059816260979796,0.5188020576012802,0.5123801021181212,0.5207461617743255,0.4857293479287277,0.5048792201250144,0.5044702816321793,0.510300221987825,0.5047881626196561,0.512486679826566,0.5177329069575314,0.5213515249202402,0.5002937124784255,0.4998840769834648,0.4952967895821584,0.5027655873582416,0.4964077790795932,0.4954627972766448,0.5200040629085776,0.5060748108552453,0.5066638740977651,0.5038699429698569,0.5287688767149483,0.5034303406274925,0.5056529624786518,0.5088476186242012,0.5134101460795012,0.5215848472627288,0.5012867281279764,0.5229135653679586,0.513495595251115,0.4919909840854733,0.5024227098559867,0.4998595114805897,0.4942742100762055,0.4833971830012451,0.5275152607769464,0.4993617320217284,0.4982120656136805,0.5097372873703384,0.5568682933257321,0.5109041051585406,0.5212125272105361,0.4999914251755799,0.5050080079547123,0.4969841103892178,0.5223043089140594,0.4960995530314085,0.4935966530008542,0.5228892371343195,0.5087138713140156,0.5096685574215678,0.5116963800428875,0.4902378504404461,0.5069101129523313,0.5334775457053232,0.4980571138842547,0.5094813309265239,0.5074548010895584,0.4948720776456868,0.5046592067713469,0.5033181037327565,0.5058751980317893,0.5117622279280793,0.5042373775429931,0.5263788212369197,0.4988746851187145,0.5073059614981573,0.5041325112538113,0.514215853526526,0.4924167177076899,0.5135653474059956,0.5097755062247704,0.5109927539074051,0.5113509771635167,0.4965486923396368,0.5307480492803885,0.5085786461573305,0.5064609133270711,0.49590218507453004,0.500208281822656,0.5153308369830952,0.5140390063632122,0.5032430439268475,0.5020997213736581,0.5036988605607678,0.4994419590001234,0.5000107088516051,0.5069065030574446,0.5039554396274499,0.5048734632957861,0.5177118434854923,0.5231347682842715,0.4922054112705858,0.5061112853031652,0.5113152809919912,0.4909727598557857,0.5028850277820227,0.5067671229163391,0.511942207352847,0.4964083742166383,0.5042813850694654,0.4881021336506532,0.5127175615130398,0.5115322661255198,0.5064045897484019,0.50569530859094,0.5196381090230244,0.4938367773707586,0.4933685744255223,0.5179203233405048,0.5063521432393292,0.5030880768693359,0.5017530673876656,0.5147140145043116,0.5113829120690954,0.5120997087255752,0.5029071010872903,0.4928340285199153,0.5201048940499615,0.5135437835040024,0.5094062355085054,0.5215902621491305,0.5049908814437086,0.514476185863514,0.5044505125382202,0.5105305831009598,0.5064566058791448,0.5212106061099847,0.5097291465137265,0.5283194422571675,0.5220569299460451,0.5081970904590469,0.5096167366257175,0.5217928877949356,0.5154411804422101,0.4919625144213967,0.5052654705709458,0.4838156763326456,0.4936918817643292,0.5151951251819438,0.5458712044144264,0.5041392011650755,0.5108758751031455,0.5058175742918533,0.5263132919455128,0.5122295387986789,0.5062366615875761,0.5041137133021085,0.5297754540542212,0.5054707432950911,0.5148321326199309,0.5200144479721144,0.5046516040887512,0.495726224694044,0.5015820405879409,0.5105910816776265,0.4914418237725321,0.4834041718328221,0.5075213532798352,0.514471037942642,0.5123183673302456,0.516414263068565,0.4986099511368108,0.4851117382813894,0.5183806534618325,0.5043251668376338,0.5058034652554877,0.5144035503178505,0.4995026530925486,0.4978032138494066,0.5119991674885621,0.5058885182551996,0.4989940406841034,0.5086209530449985,0.5214044675022051,0.4979014547842859,0.5033938244262846,0.4978193652982493,0.4925215964724053,0.5054982010200504,0.5187988031333435,0.5141440466120809
2007-10-16,0.4929417475210162,0.4974923840012041,0.5004947463264411,0.4887890195240543,0.5142862136740332,0.4920020497522225,0.4932612430488822,0.4919282054918675,0.491899331279619,0.5117751249351171,0.5111810720085677,0.5022435292638724,0.4927727882155243,0.5012518189580238,0.4800255961474532,0.5086073431494809,0.4899816625346248,0.4917146790207623,0.500323991056034,0.484588649210747,0.4979274352913982,0.513213302436298,0.4941506382724271,0.4886755651994858,0.4864600559224638,0.4942745537970198,0.4481297338321351,0.5006553877670066,0.4874622269991197,0.4958419981678422,0.498608623048262,0.5011652218784086,0.5061758368600057,0.4979311374415351,0.4899761762765432,0.5049838236924651,0.5105384702251698,0.5110970627363984,0.4852561523046047,0.4980608689158231,0.4980320695273767,0.4918026700501046,0.4954109174378438,0.4885462707392283,0.5119068273095468,0.4991501803315687,0.5090978845831284,0.4935246401641385,0.471421131810747,0.4965734772377422,0.4882850437725215,0.4912904391425337,0.5090628988022542,0.4834571641099439,0.5094319091348247,0.4954462534390533,0.4862608427312872,0.4907910211753708,0.4993889522477279,0.5023217983601198,0.5034541745151812,0.5015429710403213,0.5097838010606138,0.5104979818121429,0.5048148059548634,0.4868997335126306,0.5087381607583144,0.4958631360056439,0.5100366766993486,0.4944289455393594,0.4990602757309022,0.4969027708833578,0.4898704292960818,0.4934724071268865,0.4973948712917698,0.4914231957324866,0.5044343968482157,0.4940175497537897,0.4887465870056778,0.4972885424533719,0.5008475848608009,0.491169302198705,0.4908034686904169,0.5065789023924293,0.5000894233909879,0.5019088625506538,0.48542233069063,0.4986703383484475,0.4925766358442675,0.4980384460773293,0.5079787284431385,0.4943325806066421,0.4806302946196733,0.4728549807148503,0.4935663410284507,0.4985118719918358,0.4971683787527141,0.5117001980426878,0.5089355017586187,0.4923173114847962,0.4904125885163806,0.4883932413010774,0.4967395973600656,0.4957377726499165,0.4991496255768636,0.4938004336631496,0.5002680977627301,0.4954581307090838,0.4995249866126704,0.4914212220951014,0.4958320252262414,0.4899078495976284,0.509553270867289,0.4948658070428053,0.5073896009439282,0.5060045729506959,0.4944883021390167,0.4868710452986419,0.516037410322349,0.4887497068229561,0.4895306066065787,0.4754947440870032,0.5105859033311471,0.4913292241559569,0.4919752991377118,0.493658034794269,0.4890875925790905,0.4928379875289448,0.4938508323414722,0.5034500730130609,0.4983994705325144,0.49704342700466,0.4902014976486226,0.5024098125992106,0.4880853174377833,0.5049191413844868,0.4963850840395653,0.4952034812821359,0.4956096384480912,0.4899762072733264,0.5028771845973302,0.4935834866769298,0.5049272267240486,0.505241869258131,0.5038796928181396,0.5012562421015927,0.491043917083295,0.4981065774251052,0.5289907788750099,0.5028061974037487,0.49295598264440404,0.5071347515898171,0.4962872095605701,0.5064710762923613,0.4910526590715493,0.4854012792394049,0.48990647041439206,0.4992917152002061,0.4919022293410664,0.5205265153369736,0.4998315363406166,0.5004280436119807,0.5127581110235356,0.5007987789556183,0.4937746264680501,0.5142267836322489,0.4944447857802111,0.4939931719456119,0.498726494906234,0.4889030859619476,0.500218546176351,0.484660818087663,0.4996482364123992,0.5071276750504494,0.4970571133834622,0.5004163034878231,0.5060417395341283,0.4912904391425337,0.5010080293185913,0.5103181469336961,0.4907676910904557,0.4996000045440894,0.4819184308612698,0.5042509970941734,0.4876129935577523,0.5065812269216697,0.4882258081849734,0.4876354230582047,0.493984890572509,0.5110109821534006,0.4971935516426575,0.5001944424180171,0.4894662291696498,0.4943687410289744,0.5020453150284032,0.4848440091562754,0.4867997904265367,0.4904577311044106,0.4971289511423361,0.4948979641510346,0.5088251546668647,0.5233246431509825,0.4962611741087971,0.4968159658747463,0.5043059892890568,0.4912578279895679,0.4940283985177105,0.4915855887770314,0.4926264247298914,0.519639732019331,0.4924986135397464,0.5139992729274027,0.5072573578576265,0.4834008817209402,0.4897192310941838,0.4999095007507336,0.4933699531068374,0.5105684872731814,0.4904276680289421,0.4971129860078601,0.4959431803286368,0.4921711824607054,0.5086233422598618,0.4974825567746147,0.516680347043721,0.4918232553520636,0.5007715115277144,0.4518554707012948,0.4989354951106374,0.505528531406037,0.5069596562042052,0.5037123530711536,0.5062044309531789,0.5094351659267828,0.5063216730143193,0.4898962769178485,0.4992891854071396,0.5053296089609176,0.4915526667193662,0.4937459236636165,0.48488915770786406,0.4936009505513812,0.5022202770401324,0.4988820742543595,0.4995788868263811,0.4919724532342723,0.4982216143617154,0.4979703401181994,0.4866109797711027,0.4993216075934938,0.4898862251986169,0.481648909264451,0.4883884860324135,0.5161283491018755,0.4991631463031058,0.5066742934909938,0.4918093796675872,0.5015318376408722,0.4961064794998294,0.5071603878562897,0.506977319865787,0.4876848437706458,0.4985890224163786,0.493368937854478,0.4876078191137215,0.5114805030498916,0.4903227742189674,0.4944132383608377,0.4867643389196184,0.4992807283506699,0.5035933417010892,0.4964294699698638,0.4936609363605456,0.4931420270801074,0.4981196249688122,0.5077070743879105,0.4953171864699563,0.4945768310982284,0.4912713950751045,0.4939262035507686,0.5078092873287199,0.4918618338059085,0.4995187478551463,0.5040319347525795,0.4904498134946158,0.4957363171573505,0.4977326352405853,0.4987040364303707,0.4896720362721375,0.5031062866327782,0.4973766888407838,0.5088977679909877,0.5050524040270824,0.5142218174507722,0.5123337321978161,0.4954865541286623,0.4988709899334309,0.4987122545133533,0.4905835324831409,0.492922127185613,0.5002220851866415,0.4949246163103369,0.4955112150115671,0.4963793433307878,0.5019991417892389,0.4940392780095487,0.4956461088613407,0.4950351731672317,0.4972395075644314,0.487193275140884,0.5004871018845228,0.488952704620033,0.4944577220944441,0.4948163871963139,0.4932726353476458,0.4921947041996262,0.5023632353302876,0.4965407954344828,0.48795226495681204,0.4871499929880364,0.4965195719115471,0.4968188531757144,0.5044305868762,0.5134784205355505,0.5039577776972505,0.4974629824530919,0.4910021569007947,0.4954521471591914,0.4930400446065904,0.5070465431819275,0.4886642125913242,0.5057999943867438,0.4985141888448227,0.5038158260262053,0.4954938407773883,0.4943226252193506,0.488285546963511,0.4938729091997744,0.4946592029173265,0.4948213025096494,0.5051704394251252,0.4906672571916865,0.5023281462926502,0.4973509770086608,0.4977248883076242,0.4950188985199923,0.5122129288655849,0.5015593461821612,0.4901667630040852,0.4977369610316865,0.5019655317543809,0.4933241876316946,0.4612759695210144,0.5070208689903686,0.5065305713604416,0.5134515419175184,0.49913254400971896,0.4824682078199276,0.501374144032633,0.4977825555810043,0.4888890471933643,0.4937401355626816,0.4934218620834605,0.5158743446295736,0.4917205997950042
2007-10-17,0.4961404945378462,0.4839497259211493,0.4802935918592419,0.4955574153712766,0.5057844910546214,0.5158741657783508,0.4921395200472702,0.4977690261832413,0.4930453432949917,0.5061212860605339,0.5036392058137678,0.5099162773580592,0.5095833097736421,0.5068100982187269,0.483089556582712,0.5013463278203173,0.4976259290471844,0.5002392259884951,0.5389637087975376,0.4919655196975314,0.4973171918826096,0.4923978139655723,0.5107228950095234,0.4931021072621272,0.5134144249943675,0.5001918433899001,0.4708404893359502,0.5181444714250426,0.4957588974829522,0.5035436972245911,0.5026810800439725,0.5063080098555921,0.4846261192645648,0.4981958662736418,0.5175701223630808,0.5152844428835481,0.5003735256365126,0.4955392816130483,0.5053184837836993,0.507874388731541,0.5076754592501496,0.4954981705562117,0.5207998217374011,0.5045157717921738,0.5145057712308895,0.4856118858620336,0.509721362155678,0.480853843892877,0.4731774266506096,0.4967844582661712,0.5023256162172903,0.4951959786912572,0.5006927505628062,0.4947202271591554,0.5069502103585479,0.5218737288836873,0.5064032319373772,0.5044090172937261,0.4979283659499338,0.4714829871388399,0.49198372230849496,0.4982883687552376,0.5399063226868414,0.5202137690718771,0.499661082179159,0.501985587739768,0.5027612306910348,0.4923282642008343,0.5090611734226539,0.5079829235964498,0.49191065716444204,0.5037846598058764,0.5062070409213878,0.5166235922983806,0.5019101107035477,0.4970372040326467,0.5049249371490349,0.5147207510073586,0.5008660250608141,0.5118499030423174,0.4911485930262711,0.4930886870968447,0.4941516795465263,0.4991370143029656,0.5128110629955099,0.5035196154114743,0.4915169442614335,0.4958162580704441,0.4909939078222324,0.5225004124441588,0.4969782885109929,0.5094567495542576,0.4929501141394896,0.4931138805394799,0.514873382674969,0.5070238655108624,0.4939921992257339,0.4912523991531292,0.5101867797698211,0.4950072290413599,0.5135913735470582,0.5071757861031952,0.486823981364114,0.5009188374840757,0.4987696823333855,0.5209315904851082,0.5054049755524036,0.5034060031001673,0.4887473214048795,0.4995641441175329,0.5177008673283326,0.4986980768115301,0.5042516559904118,0.5083673925642392,0.4963481995075017,0.5005863596014378,0.5027591623296348,0.4888210316125667,0.5028829157652558,0.4882299168853316,0.4949174954362026,0.4986829622338559,0.5004636419202054,0.5018245588434221,0.5030096830180857,0.5108525445222221,0.4967769455452744,0.5021127866173472,0.4910500197162656,0.4906171149567721,0.4944645846189413,0.4949106941968172,0.4940506573680492,0.4977477246586106,0.5082342944715321,0.5055666351925098,0.4974055991920647,0.5135829832464663,0.4835773453161993,0.5186713448156229,0.4879659366031278,0.4929609899121123,0.5137170176639081,0.4903770247346919,0.5046596918472597,0.505754466496309,0.5023248636125736,0.5002594743152621,0.5098062832971529,0.5018045158438225,0.4955932475920421,0.5033516661048724,0.5214182065967489,0.5126531804269937,0.4946417924871213,0.5120921720753936,0.4966048674383479,0.5022307856672501,0.4842321178139861,0.5013638302903839,0.4994526997242043,0.4889095193919738,0.5331304793634668,0.5092387991833109,0.5120610027142419,0.5051415218546993,0.4974095635258654,0.4904503258077483,0.5039434180669184,0.5089918559043954,0.5093397160229424,0.4944514611997136,0.4957253839792676,0.5364385585561833,0.5044554274339083,0.5050353069769489,0.5132721512639704,0.4951959786912572,0.5137236232767636,0.5075966365002658,0.5081880235436568,0.5021682057927401,0.4951513243661201,0.5001914333356797,0.5006717035068909,0.4978047927711824,0.496816125225939,0.4985032541005154,0.4868747834434961,0.4924371993109808,0.5013873605736955,0.5009434199174642,0.5151329827066683,0.5003864318412996,0.493338264196338,0.4815011723195093,0.4881920542463663,0.4968469887007659,0.4880420825374897,0.495506580361942,0.540225227369338,0.5149513335870911,0.4911256057267112,0.5145637078638143,0.4985416380298144,0.5006811764345125,0.4906341475361368,0.503528006725406,0.5041836242871874,0.51775299483571,0.4884905037326986,0.5041922428097493,0.5062865820269897,0.4918351726940183,0.4996620629217884,0.498136407883635,0.4919339995792665,0.4965300507585915,0.4917051382114229,0.5008795276929032,0.500032575584846,0.4980062600923586,0.5242377528472573,0.4967306827294236,0.4919691534418027,0.4938451706241645,0.4948220104911582,0.5020720118719749,0.5153779958353918,0.48931974169911696,0.4930956994206891,0.5130857306297294,0.5015212559666992,0.5055551084318418,0.4938447472046574,0.4977969643687495,0.49552365157929906,0.4927258788388203,0.49133578378766,0.49174862171505496,0.4919508666044832,0.4987384357444396,0.4973172523127359,0.505713202830164,0.5204349857181484,0.5016403623725155,0.4876454712566616,0.5018529335510125,0.49696901784398206,0.5106825547291276,0.5086246921507014,0.514188478885404,0.500427520872821,0.4933599036099902,0.4909089098364786,0.4848380778577621,0.4897561649524462,0.5204511972934149,0.4972433583144042,0.495019453636915,0.5055169736237141,0.4907355613406002,0.4997438908573375,0.5091257929776085,0.5120450973942645,0.4775564175475642,0.5018873554301058,0.5045637571767393,0.4947560518866335,0.5036936636648058,0.5060555752469618,0.4990603134087208,0.4946315272861903,0.4991161613638514,0.5079503452296326,0.4891826292594266,0.4951927258152748,0.5027422564715334,0.5004698783786652,0.5089326988369521,0.4976687142054129,0.4952835142623493,0.5043501545088535,0.4920944997436619,0.496415648824161,0.4966433085441999,0.4853035141358837,0.5009753381096022,0.4988446450601296,0.4869485451817905,0.5084415975186789,0.5054765892310596,0.4999036068385848,0.4942225697066978,0.4996175445006564,0.4944382404528063,0.5194416825223227,0.4988633073662046,0.5010028257706095,0.4960383694951651,0.4985564616060504,0.5066218683516936,0.4991506696236489,0.4987676193012946,0.5016485562457704,0.511281637670073,0.5064079887025805,0.4949909536832946,0.4908131881656618,0.4893998082987501,0.4964814984001242,0.5078551385938669,0.4986486670708005,0.4989718189148063,0.4923854316530076,0.4877085435961536,0.4910421993965122,0.4950919291882673,0.4953913669599146,0.4839008412911231,0.4935305635221302,0.4900339140409818,0.514388258598751,0.5165497069791165,0.5070226483450081,0.4860153117537505,0.4907571990619777,0.4868452053704405,0.5046386393643467,0.5094268934976696,0.514788588280627,0.5025896255284144,0.4945980904527748,0.4886464454040682,0.52028759362705,0.4984962105782128,0.4948932355834752,0.4816292799081899,0.5073448946049907,0.5082842519542443,0.4852247538732575,0.5021689137274558,0.503386209625987,0.508416827343066,0.4955100987214121,0.5054925644888358,0.5015434944296943,0.5101090343000237,0.4888125104722008,0.4978126095131067,0.5079130872717675,0.4871302918390162,0.5012611723579157,0.5114397365364319,0.4986246025093584,0.477675965500155,0.5267416537996819,0.4892300355806121,0.4876866952550327,0.5027441866427308,0.4937277421444962,0.496459550218521,0.4903817282944,0.5027061994283422,0.4964736808449242
2007-10-18,0.5054604159320668,0.4949546021639178,0.4994532610204053,0.5207279053567279,0.4693058952576502,0.4966262413905719,0.4903079270786672,0.4938931452480893,0.5048309432538858,0.4949837040223951,0.4923975427224329,0.4799995391992381,0.4822237759870297,0.4781254765514982,0.4776822387060624,0.499214936278771,0.4963362691901445,0.4785731759692697,0.4925647144215338,0.5003545345176137,0.5034324690692887,0.4773588315830649,0.4975081866099993,0.5107355846066134,0.500071081112409,0.4819538066747765,0.5016138675695992,0.5004793263187329,0.4998074916590965,0.5058032058545819,0.5098902082558169,0.5192974431760187,0.48986915122435293,0.4925509989138617,0.4922831214024795,0.4905131170876388,0.5153012799076766,0.5117070490857136,0.5073597325949311,0.4975282925215041,0.5011720516701927,0.5114294110358063,0.514761087939782,0.4981756772812257,0.5115386892141719,0.4930641827950965,0.5049285637659194,0.5155924637926675,0.4898998139674644,0.4928127846846009,0.5108602108478761,0.4878803965309307,0.5118818137401059,0.4837870953153831,0.47880838448635205,0.4977193589603065,0.4949565547156398,0.4810471459865375,0.4948001845152556,0.5008792706230119,0.4848637871252387,0.5108913067149798,0.4925723309875756,0.5085106494004571,0.4872024876572366,0.5145928680144718,0.5126253852960284,0.4929745351790736,0.5041196012415659,0.4961228869847537,0.492400252751178,0.4926341786599573,0.4865638267409082,0.5113005141334065,0.4896613977092337,0.5001090122391494,0.492544977415572,0.487434087026577,0.4979197810154327,0.495921877535363,0.4761243103332212,0.5020863922382173,0.5112735333815221,0.5135954210372402,0.4883782622763198,0.4999406628817744,0.4939195845600754,0.5212410527450734,0.4955101072255119,0.47834590556451,0.4830836383543764,0.4968807768120568,0.4882110754159321,0.5102283781909634,0.4960120603784858,0.4820126863591122,0.5058017704183707,0.4880177892537085,0.4870567933803278,0.4905008681788666,0.4914910822935293,0.4902412563695245,0.4938946213993142,0.5089033927026962,0.52003923693,0.5035918660813997,0.4914466292983224,0.4960062986925912,0.5120887098446245,0.5068917905717942,0.5236868396882739,0.4935608226274571,0.5049178832969131,0.5005719274854227,0.5035448699857689,0.4844782459400174,0.4893666689016551,0.4831702118568027,0.5011463391656122,0.4932366113772209,0.4840562349235396,0.4985760254484408,0.4958949663340617,0.48974353378174895,0.4756345993659058,0.498339718647036,0.4989128724987901,0.5041368911599005,0.49991364883600103,0.4866053005754321,0.5045888558076326,0.5006613399087844,0.4977816970652987,0.5054792163658244,0.4890389846667965,0.5115985685666784,0.5174487647973983,0.4886318912934593,0.4946653789557998,0.49489152286095095,0.5143644565607338,0.5094116648806475,0.5023968230549285,0.5058603476122314,0.507341264024387,0.5016919704625079,0.4928686079349002,0.5115464182577161,0.4931520077866364,0.495496104264039,0.5005002809941327,0.5146390898573434,0.4949238767081223,0.4946598127786144,0.5153381860671129,0.5065275766007743,0.4966298596755781,0.5250023665508364,0.49739964639176204,0.5071093463655509,0.5047147944893252,0.4905196707543194,0.4992134125022333,0.5118379882492491,0.4918037736019155,0.5058151639417707,0.4957602760344139,0.4991313805513712,0.49600773047201796,0.4934862221071865,0.4913300930483006,0.5188102470226589,0.5022488300997311,0.4990715535167905,0.491679351687883,0.5045437977978493,0.4935781977561132,0.4878803965309307,0.4996149869799331,0.5000821427020615,0.5020958655996093,0.4939878254083514,0.4795302906264918,0.4911922304177944,0.5376133802781384,0.5019063504524626,0.4871110640627412,0.490229931214576,0.4861563332357202,0.490166215919097,0.5020575574714664,0.5020625345515443,0.4990072042997188,0.4955343310279239,0.4830826179519421,0.4902721026506667,0.4953689136550581,0.4851518487618967,0.5052418650880127,0.4905978526146226,0.5258708163389484,0.5052506788340138,0.4809184059020577,0.4969664717640052,0.5014426141843261,0.4849900813549146,0.5158358120203902,0.5001287103846012,0.4903328879483319,0.494267257387129,0.4999814340857052,0.5068650155523586,0.5093162903318328,0.4943877329850221,0.4929428189999761,0.5038819762778839,0.4863959486977612,0.495350333774027,0.5008654418142318,0.5084741983958827,0.4941853176474991,0.5059761504289554,0.5156548118625819,0.4906166683826905,0.5029464021520396,0.5015075714606396,0.5098674930382351,0.5263877540234375,0.4825747335040996,0.5008116863052682,0.4835317972219189,0.4785654561252834,0.4901895731607405,0.5099909117791841,0.4945334152514118,0.5065679908666284,0.4917051750518257,0.5290630257435078,0.4945499648397715,0.5074607660776557,0.4965150955311735,0.4994302714848918,0.5006063775715212,0.5087014617799218,0.4894327356447831,0.492078835821631,0.4930942863920402,0.4773626307551858,0.4899352007301933,0.5096053036107373,0.4871955899750692,0.5058812747525969,0.5072004194816294,0.5016732451075308,0.4772043376721102,0.4976337784395641,0.4995261196712774,0.5115398288845703,0.5195778741198565,0.4901682009448373,0.4992381654764581,0.4964029789349894,0.4853661321403255,0.4903477582215698,0.492207525209305,0.5063471386591029,0.4860035091301722,0.4888416755908968,0.4909324171777849,0.4831047077905112,0.4930889071688269,0.5044715359382403,0.4920016151313393,0.5021100056551504,0.5098729897123873,0.4916057563556599,0.4908241017603912,0.487291229872279,0.5048918653161123,0.5076549495360659,0.5146601270007294,0.4898988118182415,0.4865416032810158,0.5053182734052699,0.5023073895969435,0.5106009776826734,0.4970987018807366,0.4918766074585586,0.4909339197795657,0.4984361896329565,0.4786959544319168,0.4989161071064384,0.5038983331096258,0.5010867153919059,0.4993653589107655,0.4835788123824306,0.5331019344549152,0.5072392175914979,0.4921752055263133,0.4929671587285859,0.5099248000862607,0.5100110725364707,0.5026621109312407,0.492038310983428,0.5065932208599233,0.5000900028365993,0.5093853752810095,0.5102579831856261,0.4990802652892755,0.5003545409482534,0.4990261827365543,0.488816456451543,0.5045274179771729,0.4951708110111417,0.4949082238076658,0.4783325511736534,0.4973954068584391,0.4984669878842864,0.4906871774056822,0.4890970895692352,0.4895690158786766,0.4959388219223441,0.4977182893498863,0.4933413775477389,0.4788069993599273,0.4929435461618477,0.4972652219440701,0.4827521785568111,0.4965663629805661,0.5011877794230556,0.4969100018025358,0.5193668490602371,0.4871816945564287,0.5005019350665757,0.4954619306974282,0.4908227992341042,0.5036957374858904,0.4777929965218764,0.5074322023482254,0.4810902906190445,0.5063581471076343,0.4940998876670706,0.4987045133885933,0.4955315738342743,0.49643721079538705,0.4933202876353699,0.4958230454061584,0.4940580727053677,0.5058470648869261,0.4823500419977309,0.4945039387205862,0.5118697319865014,0.49858180614177006,0.509266095804056,0.5076577449214125,0.4871124443546272,0.5302401607398037,0.4939406199226596,0.4952814357121812,0.4893104010483949,0.492960220787284,0.495264301500601,0.4941905480944357,0.5260218914105679,0.5058318619828385
2007-10-19,0.4930652551741497,0.5164226146318739,0.509647106627548,0.5088480486733942,0.5177146413156201,0.5069889601655327,0.5001752993005539,0.5108661103352014,0.4999433169823842,0.5025614022447326,0.4995499110725112,0.4948703988842744,0.5070102627305533,0.5328913679573931,0.5037525199655626,0.5241234253828198,0.513369690572775,0.4940272957928794,0.5021552335315214,0.4898712283879222,0.4984064732655475,0.4966192290287321,0.4947612950078357,0.5019432726631519,0.5022168338376121,0.5037861112280841,0.5025595162610131,0.4944622498474442,0.4974716994416659,0.5142534352348667,0.5234898249937323,0.5046546451647423,0.5073461292433951,0.4915142704621338,0.5158606443203752,0.5049493121092236,0.4957283589714631,0.5119356415688916,0.4863357094253723,0.5052009028680066,0.4894288840572677,0.5167723649104201,0.5203602028047574,0.5034276573207016,0.5248643018682314,0.5054587911817657,0.5256862968336371,0.5073153024716163,0.4827632663920696,0.491905565886755,0.5024240516427301,0.5113140408663219,0.5068937853909253,0.5000218677129,0.5053215638823302,0.5007774677095203,0.5175389430698112,0.4999722020369427,0.5058147677477888,0.4973147703878105,0.5157757861129156,0.5013682517812093,0.5093111284226763,0.5162596514204885,0.4937356723967025,0.4932060942137626,0.5078169751406574,0.493809561243966,0.5077759181777173,0.5134376555210247,0.5119093271417889,0.5055540360116773,0.4951480783629876,0.5039302512129845,0.4944822907956963,0.5173344327008076,0.4993449290112748,0.4989517304668744,0.5031615605691451,0.496888311159069,0.4860040213018656,0.5068501904276256,0.5007551169177126,0.5132038257290472,0.4982220326536132,0.5029286192924589,0.4997512957008412,0.5038784204418495,0.4976459638140059,0.5033002795843506,0.5071399073292013,0.4892555146304257,0.5096969867718085,0.4953016046066344,0.5018033127701091,0.5115228309041986,0.4983471694513956,0.4980172449539696,0.5103565622973427,0.4959663778508108,0.4933895394076202,0.4862159110883794,0.499740180851377,0.4951736552449104,0.5170718367118248,0.4988930404846483,0.5174746382301154,0.5087177542883945,0.5049410669594621,0.507958897050098,0.5382854012365287,0.4731361150474826,0.514028391031634,0.5093083595241811,0.4895936510947593,0.5112080469814235,0.5002657882682743,0.4898400835520884,0.5064036581937846,0.5079754194189137,0.5071819995632902,0.4897408986962526,0.5006399744888136,0.4979691276059437,0.5028919902107211,0.5135772261392921,0.4968941592470639,0.5119745648198686,0.5147053157932487,0.5089527635077515,0.4859128295382553,0.4924143453859953,0.4975321866077347,0.4958852209483863,0.5137299902363682,0.5099462503590513,0.5083488463706011,0.5068336022540336,0.5312067297726198,0.5275370952752956,0.5042619582363193,0.505234250651412,0.5054299676350166,0.4931043822779101,0.5011263600760096,0.4819920670919687,0.4940035678168488,0.5147349888470825,0.5009607104797861,0.5012330141201031,0.5026875568230094,0.4946680853348353,0.5125491136023868,0.5280900830812087,0.5045678176495456,0.50426795222531,0.4957200213817503,0.517737057524917,0.5251123062639722,0.5107572942600597,0.4934682101029582,0.5110265833057546,0.5067269810140688,0.5119863863197037,0.496685206739334,0.5016192924111779,0.5059731808301825,0.4875271904205707,0.4976842720395696,0.5075700874334425,0.495558232517241,0.4928023086662609,0.4869952858297899,0.5149988592033401,0.5150729343868606,0.497186948994402,0.4768043852423603,0.5113140408663219,0.4993599648052984,0.5006016799126145,0.5109365160701639,0.5010719087556756,0.5017142389946178,0.4951765128214498,0.5072283452042663,0.5080207556801111,0.5082107623491109,0.5119519008189235,0.5145793795507377,0.5385693864350539,0.4967045299247574,0.4981294282484235,0.5400605105982904,0.5011112923323653,0.4941694588376291,0.4965141602850972,0.4963358473101007,0.503695629905061,0.4925534233695155,0.5020080661426021,0.526461429720512,0.5209410136516356,0.4902849355799906,0.49180066794868,0.5223115521951135,0.5109323357069615,0.5005961178590175,0.5091123265755307,0.4964511899211812,0.5222770857057415,0.5007911290044953,0.5086739127276841,0.5076960236252356,0.4929667740753813,0.4948305929189489,0.490311229499507,0.4882744547303135,0.4982867401376224,0.5098983145686995,0.5049020422553461,0.4943622004728977,0.5146133625634229,0.5178200118640636,0.5045382970369108,0.4992795875813874,0.5005638533836655,0.5087519823428289,0.5235600327866726,0.5172999220699407,0.4986749528759265,0.5071389019726635,0.5088981091568267,0.4951649478705799,0.4861077174933016,0.4844063561066103,0.4811244414091378,0.5004138139954484,0.4983393021278526,0.4926044892882602,0.5062243593403303,0.5152551184397781,0.5051308997893039,0.5124359125427521,0.4920519395058031,0.5107975524146633,0.4957076816183806,0.4977237328088553,0.5194896505304435,0.4976483405798711,0.5033983699999262,0.5080129612793387,0.5163935118430456,0.4985132196146234,0.495589682002401,0.4890302101427211,0.5266195167875919,0.5032516318498781,0.5101118402264636,0.5000399830992419,0.49635447449608705,0.5049726989391183,0.4990760656842637,0.5008845014666264,0.5080434779377956,0.505720264103359,0.5029118239437145,0.507413089574248,0.4925331051418838,0.4886060432139704,0.4859491198798922,0.5023022114972702,0.5101476342293204,0.5054311438477137,0.5252868885092153,0.5122954997051415,0.5242579486807218,0.5156164916442791,0.4907849944883271,0.4913201018301807,0.5068149825993239,0.5045295849005826,0.5109132590139847,0.5098017552517063,0.5181912345529348,0.4975603235283304,0.5368962015458184,0.4932574115025243,0.5081817227556811,0.5039841090540516,0.4931250797470802,0.5069074349314169,0.4984442801310852,0.5016299909920703,0.4923821488442689,0.5033834762867296,0.4934673986785309,0.5335732375893638,0.5125207636894811,0.5180646522243798,0.4964656799675008,0.5064096912338583,0.5168449040321362,0.5067520466812696,0.5080407365618277,0.501101217470289,0.490194237371257,0.4943817300972786,0.5122970305576585,0.510351544897689,0.5269868882537193,0.4913948907939483,0.5361762455062566,0.4918246587554656,0.536904829424065,0.5109786336838066,0.4984681064355709,0.5249918490783608,0.5010974025565001,0.4898372280585602,0.4841434987121618,0.5174145758759998,0.500182133026231,0.5207995925736483,0.5020621139534418,0.5157893823167146,0.497380689502393,0.5052377148834565,0.5019249013269425,0.536987416363056,0.5184934368980243,0.5014554704126224,0.5137260665754997,0.4975159576678423,0.5079396380702009,0.5167311041187225,0.5191006169052069,0.4927510610755506,0.49962179961845504,0.4950614072186018,0.4932647216177424,0.4973073338243816,0.5108386098220031,0.5042710333207282,0.5251781545009034,0.5089136642732728,0.5001393439465917,0.5151851427208247,0.5126561655212862,0.4966559211430384,0.495823406580439,0.5246458481037173,0.496924881861725,0.5048878486806541,0.496573139522727,0.5020887686929784,0.4813857843599183,0.4936273607086359,0.5007406356661246,0.5060930513933438,0.4986017149424578,0.4907026850655594,0.5000538706494784,0.5128840311787398,0.5028150193583818,0.5035961864108648
2007-10-22,0.4858947828091504,0.5075006002648407,0.474535062844043,0.5073293066703792,0.4832430236790134,0.4662632130860588,0.5004276230752766,0.5023538657770636,0.518379823725557,0.5100648116135288,0.4917374171247702,0.4920280715904373,0.5020730960386812,0.5058119033767859,0.5003365412209111,0.49622273587894,0.4916706958912685,0.4926396682113373,0.5001089085399897,0.5092570264935832,0.4957907422474319,0.4794227659051989,0.5166420906382296,0.5023413097022223,0.4990766413627826,0.5017450028976385,0.4932063069723365,0.4942214686025941,0.4988225466941848,0.5021516018416944,0.5240101831033624,0.5109823760341538,0.4987607583979053,0.4880652902540033,0.4962732182934127,0.4967663049988733,0.4989770567696109,0.5151080335470832,0.4925958543682776,0.4957407819281227,0.4999234114259547,0.4958836773609235,0.4995568749268806,0.5151373963901621,0.5016486663386387,0.5049675993612106,0.5108530887527053,0.5037660712634406,0.5009507387202913,0.5004169761963845,0.4956785653881852,0.4995039209181782,0.4927490610589539,0.4909026297449241,0.5074295267612361,0.5160461957092009,0.5063052762402129,0.4977279006277583,0.4811504596717282,0.4948864755391678,0.5068332899562289,0.4986286337822264,0.4697273800462349,0.4985993656226798,0.4941947305295196,0.5224450918246217,0.472867552875205,0.4909167909513904,0.4979423870053466,0.5205571869039324,0.4949542013655019,0.4879258758668485,0.5014665504866599,0.5113974778916835,0.5108717835962524,0.4986397234861232,0.4854163180982363,0.4989715027453515,0.5086549648968783,0.4874709408503324,0.477256337037283,0.49052918771498,0.4926110148234477,0.5077691911003743,0.4890357011481107,0.5137661478652567,0.5073313392526052,0.4983931282512762,0.4931072224522958,0.5105585707213339,0.5021302969574893,0.518320217351303,0.5094349501200132,0.4936843454164133,0.4875923111980212,0.5047754551792166,0.4842722244899833,0.480519455607085,0.4881815845116173,0.4894891282618965,0.4768001335544819,0.5132947992080779,0.507188644883961,0.5052037412529466,0.5287047403715429,0.4969037893189062,0.5017525645076962,0.4985268760567023,0.5251185314087596,0.4878272725801591,0.5219924317642272,0.471631741560437,0.5251735673680473,0.4971679963314699,0.4790820373980003,0.4899845022741131,0.4900208300529741,0.4888490954895485,0.4928600548242029,0.4909245356680143,0.512713215237033,0.4921833005669716,0.5196388880313058,0.5004978973283741,0.5016161239733165,0.5051744991597332,0.5023836052952346,0.5066457601974044,0.4943181576123257,0.5125693567994043,0.5194891264825717,0.4699885026248667,0.4913372845787522,0.5029952649086898,0.47296998410514707,0.4877111454073986,0.5126057657795444,0.49884831979818395,0.4975682303608257,0.5194903350354312,0.5127151701705468,0.4900698915374571,0.4957046597892423,0.4958550845945118,0.5028837165092352,0.5152031484627732,0.501612377550102,0.5006792655818983,0.498785197244879,0.4864255090739074,0.4916444311648126,0.4962032931278096,0.5004913303058983,0.5169294386635863,0.5012918578487886,0.4894784587901181,0.520676206944829,0.5114433744296641,0.5085795887074296,0.5152757980843989,0.5029470109821553,0.5059677454789787,0.5048369226277598,0.5073379511522663,0.47159505783497796,0.4946569992980201,0.510035580219467,0.4793104254689461,0.4935562562407195,0.5100328606109683,0.5037082850536586,0.5020677999852179,0.5101704076196082,0.4972362353899396,0.4989999544452233,0.4968959387583029,0.5141058940605145,0.4995039209181782,0.5037642830332734,0.4898784018540783,0.5061759797761233,0.5141456588234811,0.4965844499650903,0.5033781913113483,0.4902997019064109,0.4978243348891085,0.4847986069649997,0.5021446686013831,0.5139809983223544,0.5068147021950974,0.5026168027130437,0.5196582302128466,0.5222118779309233,0.4963782138164526,0.4942806747927712,0.4779907990302493,0.5065873355351416,0.475075933257852,0.4966854962254526,0.4864117474822038,0.4904209358233147,0.5006615091615157,0.5066236437148333,0.5087785986484386,0.5085531762264719,0.498527309687062,0.5116343559870675,0.49653952952532104,0.5082639892770088,0.5198511095320322,0.4939472782049886,0.5023462014215953,0.5011225163259065,0.4978980847676389,0.4796431668601154,0.5177055948877659,0.5063228627150396,0.4853058473387714,0.4957736953659835,0.5250469959563161,0.496547351359579,0.4973649599426884,0.5259382317656782,0.4973728417396923,0.4983185344067805,0.5110779645995913,0.494427945170579,0.547424092748406,0.5033092777928765,0.495298612117924,0.4841108434151143,0.5186322463708098,0.5066013236599252,0.5062584889653978,0.5098530748876037,0.5058674948917142,0.5004667209317155,0.4882503045505386,0.4887572502540252,0.5133533338616377,0.4961716165052639,0.4869937125040586,0.4923066749031436,0.4946433809559194,0.5026941065471294,0.4997251279257826,0.5014180037588255,0.4978874557095954,0.5015997439561355,0.4911704723915906,0.49826963368362,0.4976343750153021,0.5011642662942271,0.5139347526283059,0.5028126737371291,0.4900994356566982,0.4888212029889366,0.5030570463238164,0.4988590913687806,0.4908617957316627,0.5051722643639263,0.4910360154952836,0.5070094640998184,0.4737741912994506,0.481642213764841,0.5045541703955109,0.5129419054626528,0.5006735011449562,0.4879577994189577,0.4960241915163294,0.4976918291561862,0.500930143543297,0.5049485925750943,0.4982837815103617,0.5030454955609402,0.4952448376422154,0.4948601064205832,0.4913189654810974,0.5075674725000593,0.5017101866834353,0.5097586948859253,0.4897767112354186,0.4999241176974501,0.4829846618809272,0.4576938286615037,0.5091313367410527,0.4936979605542608,0.4953055019417584,0.5005961953260868,0.4958661059283594,0.5106054036228016,0.5195527707922981,0.4865091579761804,0.49407396388276,0.4983873812605002,0.4902597641504978,0.5032847960566473,0.5043649438497554,0.4874836353035752,0.485712791765927,0.495702099780006,0.5054938846895773,0.5012385109301896,0.5063143979248452,0.5094078644853025,0.5020251210757384,0.4850759548304627,0.5007422481231996,0.4866640791027265,0.5097615597518754,0.4936340500492656,0.5220774598390436,0.4999419847168884,0.5094626537588658,0.5134218470463016,0.5224950386875149,0.4942619256139258,0.4818517692575065,0.4942976840601958,0.5113932943003382,0.4906567456694809,0.4993208671591315,0.5029352615674737,0.4849995205380102,0.5092573081761548,0.4942468858502135,0.4966176840487675,0.4811141627628802,0.5173629686243963,0.5004482970073425,0.5163798774012918,0.5107609839684666,0.4957100312716559,0.5119044275583705,0.4924393348454692,0.4846029776010511,0.4829814286361814,0.4967005724992366,0.5112081866055131,0.4968002663618362,0.492367562298086,0.5158185808052905,0.4979026569666222,0.5075396559789496,0.5062685531880884,0.4761368177786066,0.5102874278887742,0.5028430535171398,0.4932363864879223,0.452319838037612,0.5289339219430587,0.491467744843139,0.4869479266977889,0.4934622636185042,0.5025805510682552,0.5025050917364743,0.5045715191378165,0.4984761934944803,0.4980322117155776,0.4819261907621206,0.4819348376081469,0.4956467744400451,0.5037247122110626,0.4999019042591338,0.5215290769346553
2007-10-23,0.5156179303161983,0.4926271458681085,0.5328524924548886,0.5318420933641071,0.4954694794641232,0.5106376978863679,0.5028028039400629,0.4933489256136919,0.5067071685131268,0.5109922472157762,0.4967187164758899,0.489038442349372,0.4805307781789549,0.4956141947519452,0.5032620247780201,0.4973197906935032,0.4948998592495717,0.4996958728099843,0.4876766790492573,0.4917934120936474,0.4917282138056144,0.4907519175803594,0.5235060899811645,0.4969039688850718,0.5100211231438627,0.4910631472422465,0.4600449393463576,0.4996947758981005,0.4978370565008859,0.4944146122804806,0.4892906145930962,0.4989783770942405,0.4951897340753474,0.5028493627603016,0.5066556930272739,0.5258809968672633,0.4883433886841629,0.5372274715009827,0.5044439994531026,0.5016687383534439,0.4921583405139711,0.512161047939529,0.4920303402650461,0.4919176419262935,0.4991805205004021,0.5034526963625366,0.5035405398613192,0.5040338344397871,0.4907124880979734,0.4838276232152076,0.5221004662157752,0.5096533154246502,0.4897992079861875,0.4961941307734532,0.4917164675080836,0.4877835742638051,0.4936851454889448,0.5148592837425858,0.5042495748668316,0.491131309093389,0.4955543088922764,0.5166767166219114,0.5091831720214328,0.4968264538264965,0.5096880739366184,0.5012824692207781,0.4916164362877403,0.4987211209650549,0.5098141395977156,0.4936025439508529,0.4920210353002114,0.5105028201711708,0.4931472091510512,0.4947919504909704,0.4889829693641359,0.5184338425170659,0.4954541148444556,0.5198864498504225,0.5046706304779982,0.5024226100830179,0.4814565211114779,0.505638628431431,0.5011797098160842,0.5037115725553781,0.5162964628814477,0.5135380460332198,0.5081693093028078,0.4902376306600178,0.4982558602904673,0.5352518522426845,0.4873681581738532,0.508781543876464,0.4821638636978015,0.5063453767450965,0.500004929151872,0.4989115364219455,0.5097475422102241,0.5023888062684198,0.4888074235434058,0.4986324831218192,0.5068048101986231,0.5010674435316044,0.495887601171001,0.4851170295686896,0.4983616404735381,0.5067126727069174,0.4940222435063082,0.5038817458948498,0.4969242010751636,0.4774484791222918,0.5246577395321032,0.4879621114907875,0.496757981809199,0.5107153468689373,0.4735538080996473,0.4945811527959042,0.4815375590073078,0.5248806150584372,0.5148641771790884,0.4928814390838868,0.4961703899638415,0.5098568178816872,0.4936184755251974,0.5257477116596591,0.4973120153379042,0.5083442190093597,0.4962660645067552,0.4955999537261615,0.499120074391155,0.4800004116039817,0.4978211845626945,0.5025107091084791,0.49288758947269895,0.4857989187697359,0.4770828752634274,0.5086396369691278,0.4832596651350002,0.4910139358206393,0.4841981825001601,0.5013682343818042,0.5121967518459106,0.5069084246541803,0.4854838288457798,0.5048707698334228,0.4925523402918871,0.4933032513247722,0.4891767192316608,0.493481307390456,0.511742258372594,0.5086088042070964,0.5020282837812794,0.5069234534883706,0.4810993967180318,0.5043636430074021,0.5044950264772329,0.4773414360652384,0.5142345354236851,0.4881435707176983,0.4867902605559411,0.5087041106381348,0.4955639570146108,0.4915735384648463,0.5113932059345898,0.5250342587181255,0.5112341311778926,0.5006760326424765,0.5034016092841911,0.4884214297756966,0.5101219691781679,0.4826617669475254,0.5173932304697068,0.5049648142055894,0.525822909756452,0.4753226887633446,0.499288480052385,0.4872018276471348,0.4901854516571066,0.5096533154246502,0.4808706067306423,0.4869740998298422,0.5027207194633371,0.4567591797796685,0.5228259679442473,0.5184580258943564,0.5009727933464648,0.5136503858540967,0.4993511712144384,0.506728524663551,0.4844410970264623,0.4807658724491729,0.5009057971585263,0.5094920248550098,0.5146273100577393,0.4968324311856682,0.5005719890614825,0.4950739298522829,0.5058984309007131,0.4983573684714008,0.5026390736074041,0.5192741178273806,0.5074812265759729,0.5167342259910185,0.4975464426772008,0.4920828063655605,0.5038846927672505,0.5076551061464291,0.5019301938680202,0.5164288234292339,0.483147552348676,0.5047533255495064,0.4964501864443175,0.5182565273701331,0.4893814177404198,0.4977817694109213,0.5120914427084934,0.4875254464146706,0.4702495942540265,0.4920311686441475,0.5023032536765751,0.502183711417775,0.5031617637286006,0.522449517970136,0.5274835989977478,0.49760322659334705,0.5077816358602539,0.4928508777127356,0.5061189563560338,0.5018963103743442,0.49635144308494894,0.4941301693319577,0.5004921473587252,0.5042753123959924,0.5187828826073146,0.5138985625214578,0.5057209523560364,0.5075450894275005,0.4933755766272086,0.5027174889138135,0.4921421462131205,0.5132527126073745,0.516300730522491,0.5138258583431236,0.4899704875174765,0.4968700068857573,0.4998694218449779,0.5210069576302357,0.5032715751262977,0.5078318888807044,0.4856178853571244,0.5058166037184504,0.4899540652988054,0.4869722757115063,0.5152581497685541,0.5212860438753355,0.532424491484345,0.4970135237459873,0.4895317972684662,0.5064507966836683,0.5142114768585541,0.5035364650041076,0.4904236887201202,0.4979021582722302,0.4872862769722641,0.490505629820105,0.5017395878582518,0.4874579550407962,0.4995052134199022,0.5028592337069866,0.4994131809581254,0.512048811044624,0.4969065320385948,0.512463919201581,0.4830168923877453,0.4940687838336509,0.5097657885705611,0.4914562542452101,0.5068362120624011,0.5018418093089616,0.5003495530002842,0.4910190337445814,0.5055676033440708,0.500124038258127,0.494983775884075,0.5117938491325603,0.4747427619957672,0.5361527921110918,0.4979403677891132,0.4920868559011871,0.5160922532554518,0.5141276413798263,0.5002552690347817,0.5127736131764181,0.5086835220151814,0.4989918098747864,0.5132989995729491,0.4935907394810495,0.4882278502381467,0.4919659924909441,0.500386741430212,0.5043745671545116,0.5005739099134788,0.4858954098798298,0.5052408481471394,0.5021915845899351,0.4881318408439173,0.4964485889967041,0.5102989241764925,0.4871688003570098,0.4991670453204887,0.4709046266482586,0.4871038407647287,0.5169083184930789,0.5118499023523571,0.4789155534453399,0.5256743381771991,0.5026603738530804,0.5085298668626489,0.4820821258559871,0.4931816593529991,0.5065654814415033,0.48505933105744,0.4931951949991031,0.5161557609803058,0.5136612299123158,0.4963258330252312,0.4865580612816962,0.4984562768745056,0.5005434370516656,0.5038406364121725,0.5161290788809887,0.4888742176386746,0.5012583824827829,0.5026329533803826,0.5121219157237831,0.5033347169696938,0.5010477150614865,0.4838320304402202,0.4989023780752202,0.499511429011106,0.47775139019076795,0.4916793045756426,0.4960354200182894,0.5087143093137427,0.4898144337783543,0.5290912202009165,0.476644928042843,0.512172286097984,0.49241604452716203,0.4919800249276354,0.4973284394860624,0.5125294673983861,0.4975289235705224,0.4937835440704382,0.5118667131876893,0.5016269522899539,0.5054257178747816,0.5079494816156213,0.5045708351595105,0.5153442801227853,0.4846042310085245,0.4830878267471068,0.4959159443939851,0.5093795701574356,0.5193184310741177,0.5244410206962689
2007-10-24,0.5167799820659341,0.4993818836872042,0.5122858727881434,0.5132674975968301,0.4840284079437391,0.4975770283840715,0.4965413733229163,0.4948224045809782,0.5163500983871733,0.5032407373419363,0.4902982667387722,0.4874162893577198,0.5047529685248014,0.4973111382159986,0.5179698783888882,0.4966415899549883,0.5002324757927805,0.4953713364275002,0.5067345953944977,0.4927229026377937,0.4948638912827494,0.4919712069466759,0.5058989475427046,0.5081996437926923,0.5126910868334592,0.5134296194059823,0.4960877933040173,0.5109489810592011,0.4979963425593571,0.5069473839631538,0.5084180738844529,0.4974994306885249,0.4792572542924002,0.496595071401325,0.497538091773492,0.5010419882219529,0.4922643373927234,0.4720424060641616,0.5112879688796467,0.4979228381180895,0.5036901577029917,0.5321093743529203,0.5191310356319161,0.4979389389821192,0.4902623138189625,0.4975162504627925,0.49048601126611097,0.4961650621752859,0.5086539632857288,0.4937433192807294,0.5085675097200213,0.5016082772486378,0.506615090223013,0.501375772742802,0.5056100509452647,0.5029682263325306,0.4840632387292205,0.5004732431360643,0.5071681909468796,0.487284592491393,0.5044520419977261,0.5004609284414221,0.4853599987273835,0.5137258811319407,0.4954762091377862,0.4895784162824606,0.4957000566914385,0.4946345538736125,0.4919318273905603,0.5024245979660384,0.5011018731905917,0.5080417529834982,0.5045476630499499,0.4979486155219868,0.5006673973688845,0.508816194136792,0.4971458573837276,0.5043472444735579,0.492044627353479,0.5102949000610962,0.5023921833339683,0.5025829684391113,0.4987843346953281,0.493327274783974,0.4967117537781526,0.5215322613159723,0.5086479947541167,0.4785238793730858,0.4867552950925299,0.5112032042873476,0.5080698133523602,0.4813574111062288,0.4789725072430359,0.4955921831505144,0.5014273573914758,0.5046294842242215,0.4896761244859203,0.5033206305146237,0.4978147509117583,0.5066216630711626,0.49904673119841203,0.4791349709958511,0.4968193962104262,0.4968245392343202,0.4985733624100928,0.4993463973591064,0.5014107957952592,0.4922974699840783,0.4923031026192336,0.486435426503721,0.4927773450270701,0.4872366564136067,0.4982071849801991,0.5130181377593809,0.5229689649080858,0.5034640400742256,0.5079436039282568,0.4890484607628478,0.4913018705742884,0.5029143190335919,0.5027491075809526,0.5024105494907652,0.5001006406792737,0.4836706366498749,0.4936855655314927,0.5022039446119255,0.4917038255562983,0.489801272005683,0.5126360634021303,0.5127811890542482,0.4875625152669051,0.4827555053918031,0.4960322373956924,0.497767826996181,0.4877570119306692,0.5161064146096199,0.5005018864986339,0.4943736306401023,0.499333489602785,0.4956789505659335,0.49603989526398495,0.5045866323693944,0.5088718049857818,0.4981277659505358,0.5148847578233828,0.5008283932640664,0.5223406550686693,0.5043008738494265,0.4819735368824125,0.5002380576409192,0.4967254205066338,0.5233960713330152,0.48375004042732,0.5057643150956059,0.4932373540579576,0.4935426930178557,0.494615918601222,0.5029949765300353,0.5045299417623221,0.5242580929748905,0.4898527869610688,0.5341794450789616,0.5097818021439058,0.5080774122173232,0.4867651123161151,0.5112407054987944,0.4984598271717164,0.4984854702657456,0.495590209483979,0.5078537470342871,0.4945287540361441,0.4903350137347916,0.5055498799184857,0.4852189140737839,0.4899389529779377,0.4842209808242554,0.4975896287060621,0.5016082772486378,0.5145268244940256,0.4991808908784463,0.5104192574873586,0.4989854252204749,0.4926143167612536,0.5033332887564105,0.4955593903475789,0.5077823284731783,0.5051615198055569,0.5024707762027512,0.5146522593284895,0.5031749667597024,0.4920268375271353,0.4944333727810676,0.4952465996623414,0.4978661155552246,0.4991518029607965,0.5011355733760835,0.504464880310164,0.4998337145479869,0.4959122941799827,0.4903419608188856,0.5166997511817623,0.5265150551122459,0.4844847226453953,0.4940816743392464,0.5074259277906953,0.49466983023186,0.4967023758077549,0.498782166806364,0.4975521618239743,0.509865522291035,0.5065721378020382,0.5085711906992691,0.4982189042348522,0.4948971623731238,0.4804393595318944,0.5007448853386245,0.4928326157330898,0.4994620769969077,0.5014457112958453,0.4977226820498028,0.4937862526619673,0.4997127985265377,0.5072850466401917,0.5056645550106651,0.4921351013551792,0.5077819736437499,0.4916003083965612,0.5169446424906801,0.5118322316542981,0.5043558850434601,0.4994541650101138,0.5143585634087411,0.5013338978412498,0.4996180727282689,0.4962480485360865,0.5037409586562215,0.4903744965210021,0.49294217396504997,0.4907124845478557,0.5044876234361496,0.5051545858975589,0.4930130615041885,0.4902189689311986,0.5100582719541917,0.5074713663756593,0.5034606703457434,0.4944248216449562,0.5111434190278534,0.4905808857777667,0.5030824635565535,0.4997977728166276,0.4922139975092905,0.4832758289889426,0.4892912450103983,0.4961906557550206,0.4949575570902686,0.497259579152989,0.5139005157138021,0.496919937041835,0.4994561643475848,0.5081276101799418,0.4992668140407441,0.4697828473051369,0.4833823180065229,0.4983437162981426,0.4855669667424538,0.4993314640072862,0.5070549632474839,0.490701882794068,0.4976684031270788,0.4746907693293426,0.5122141907855856,0.5078066705118564,0.5065404328743109,0.4978322613358569,0.4883621507906066,0.4951666442667143,0.4758222802871236,0.5008155968172503,0.48080501097829104,0.4992408134635593,0.489688781077646,0.500983122680914,0.4721898812531921,0.4969256698745573,0.5019031122017015,0.5124289477017221,0.4973254093668394,0.4874439166289351,0.5071389094953364,0.4950421644820834,0.4913342702227964,0.4987831344682111,0.4950516653660871,0.5035443420180258,0.4950148911532522,0.5032102430618679,0.4994270625691011,0.4998393029823162,0.4935517875539801,0.4949212294278623,0.5022887360178088,0.4830914690127108,0.5065141388243071,0.5102339599184355,0.5058724187420615,0.5017019767431087,0.4792615654355615,0.4833233926530284,0.510195041474063,0.4914223094769579,0.5058279047119337,0.4697929916808197,0.4929303904032938,0.5029014979087614,0.4830184763214865,0.508065946919234,0.4814404512009507,0.4957338153571672,0.4963399685276063,0.4949180693448856,0.4963912170938335,0.4957829670053397,0.5039048682943349,0.5075321075236171,0.5048221371982156,0.5161216362477437,0.4920612329286292,0.5116933973147717,0.5391075559458538,0.5013301411591083,0.496651649752458,0.4901134505960026,0.5084746676205566,0.5222556027915233,0.5231084747680791,0.4834139570552184,0.5078320186305033,0.4996304421161278,0.5066352481330662,0.5159324851919728,0.5026711945204388,0.479075508536939,0.5023099010318345,0.4934961031405219,0.4973814515658058,0.4923536413350173,0.5070965271678263,0.4984217781341723,0.5018865624649078,0.5040595732633686,0.5038718061057386,0.5098976996337662,0.4726381523637753,0.5069843451058456,0.4906328787204559,0.4823108466093297,0.4905244934542407,0.5120608999458981,0.5067891343525621,0.5053803100468471,0.49523070691964,0.4985339776146624,0.4987488983321071,0.5032490864100096
2007-10-25,0.5245086913716639,0.5115173530216993,0.5090296286237264,0.5403412510493377,0.4959165251049997,0.495813915770616,0.4937644298089998,0.4994262337521202,0.5053476104643685,0.4954912480061135,0.4904984372218069,0.4820878924291056,0.5131969948053396,0.4950895585652195,0.4930441342289516,0.4889131247065616,0.4933936921533578,0.4907385765590467,0.490679749844749,0.4998149145371659,0.4913401321386527,0.4845219324513697,0.4991314795463388,0.4984988352342155,0.4983330170428679,0.4925330073182064,0.5247792581870081,0.4902040500278648,0.4915688690519328,0.5055356843732226,0.4868769369305602,0.5080777420268937,0.4943576210790113,0.48769952952131607,0.490104184421565,0.5023627920748838,0.4960958308669812,0.5267309146957725,0.500726666742173,0.4835773864133732,0.4967379528498019,0.491120911354269,0.5121100534223251,0.4993696229149511,0.5042205257315633,0.4944232547921279,0.489027716443343,0.5023274282537205,0.4974393737923319,0.49323965081568,0.4896535309683753,0.4943714476030805,0.4930700466333099,0.470566721608988,0.47948738230586896,0.4974479482782174,0.4864764024429855,0.4855310234694884,0.4929281746882669,0.4899847813582236,0.4891134721846575,0.4819197826288009,0.4829281568456339,0.5038764907076189,0.4919686467794411,0.5033069672823001,0.5152651029384289,0.4792078574744839,0.4871684025590591,0.4957417305651869,0.4886550049181805,0.4986116658781121,0.4948101653884434,0.5029977683706155,0.4890391437315708,0.5187269723105344,0.4793950401785661,0.49635245220556,0.4931601873091525,0.4957182536839317,0.4920263306922102,0.4873970892316423,0.4953575853784246,0.51333092893244,0.4935294672064218,0.4951483182156374,0.5175965615516951,0.5063669675709664,0.5009829782365287,0.5271978300522793,0.4928207251416813,0.4911073117372286,0.5009662946222253,0.5072591001268149,0.4971489691878829,0.4895742264442712,0.5056178356405889,0.4961824413799678,0.4970530864249156,0.4955301849002845,0.498567687461768,0.4996747751750015,0.5004721155143322,0.4974830174407066,0.4960493327034465,0.4919523258460346,0.4879017017708714,0.4875238557023844,0.4873286038448604,0.5000137064054138,0.5077991675205238,0.472573334602305,0.4976848177362327,0.5121225011904987,0.4974588042723345,0.4944612224258398,0.490563828549221,0.4900217267024908,0.4911010324333955,0.4882280052760541,0.4873172333061662,0.4982241559479936,0.4921370020516669,0.4859298262256647,0.4909165943510699,0.4985717136253438,0.4937411553280856,0.4961737886940874,0.4958692350159052,0.4945889641927784,0.496895247755451,0.5017001000833669,0.4737812775450011,0.5019772588627891,0.4985892720146042,0.5170770883064275,0.5047151388491595,0.4863335281262256,0.4859196446406329,0.4845126559793367,0.4968011255749539,0.4882083153951211,0.5284560228002259,0.5018158252108001,0.5014637617663162,0.4873526390532129,0.501089315059451,0.5132905353352084,0.4903698366264633,0.4992785641552912,0.4934170429375119,0.5013611722551853,0.4882615702351679,0.4834955798574291,0.4869987807704262,0.4970435119973055,0.4895143922972953,0.4970130005056077,0.5248530023055857,0.5028036902486628,0.5029043371575264,0.4999051490481212,0.4956620129835329,0.4897814901466902,0.4889152166609114,0.4968394838058944,0.4821635029142585,0.4897423350131075,0.4916378610822054,0.4959102200864587,0.4987486990043968,0.4660587583394684,0.513014579549746,0.4974021701559374,0.5034829352901811,0.4958765794394683,0.4948962769425661,0.4943714476030805,0.4916224169118251,0.4715442718531798,0.4932712577093584,0.5205092921652628,0.4970645981090432,0.4860333056325198,0.4933143060258668,0.5124531212911694,0.5003402639780136,0.5014173742644968,0.5251576372137238,0.487410118374938,0.5041320136949199,0.5091822086501449,0.5039060781189488,0.5039557082167893,0.4860154693061392,0.4780094440007087,0.5059219583657423,0.4916278160842252,0.4901957641947616,0.4956882441739827,0.5064288080363657,0.5076149710684902,0.4839042372434485,0.4831040198416193,0.4947857192025463,0.4961015332944673,0.491442237621318,0.4969088852452053,0.4861782941521136,0.4882650198198129,0.4957584066174362,0.496838292088842,0.5050500122852782,0.4975104050925392,0.4940231577949424,0.4943328717159449,0.4930453881662423,0.4989416408695872,0.4994179285318297,0.4963696403986692,0.4943743587257573,0.4944732350163323,0.4935708576338947,0.5018631922301119,0.486441154658136,0.4891047040515826,0.5050736213171245,0.4929537225771878,0.4984379811208482,0.4998404921455392,0.4910267307788603,0.4941932349309632,0.5176008415007213,0.5025051808900551,0.4994819427218825,0.509240096817627,0.4941145409268494,0.4939292359565426,0.4901211745402429,0.4981764820972242,0.4950381097547054,0.4991362969733035,0.4768032872326133,0.4925410867777448,0.4947335988897703,0.522110772706411,0.4905128196207271,0.4902665324350906,0.4922235655828952,0.4916304320506534,0.4912474922832434,0.4754257371535417,0.4933142079706005,0.4921886120215203,0.520291886184702,0.5037818617283463,0.4942760896544657,0.5144788987211649,0.5076062689992231,0.4923873326761917,0.5143068335482481,0.4954941048976636,0.4902695783970517,0.4984528029164458,0.5034078556057777,0.4802847905080896,0.4960528644579544,0.5022678788964663,0.4922089316282359,0.4892303352805726,0.4992176640703437,0.4995955940893098,0.4991644162895836,0.491702392904129,0.5020769051816389,0.4707994320179218,0.4917228917581875,0.4937511767944069,0.4871864904807085,0.4698473105422391,0.5019520312458712,0.4631259204589644,0.4965383401109725,0.510756599248798,0.4971113561525154,0.4986199047932303,0.5050019853309433,0.4945964462149555,0.4987560162281021,0.4641282571832331,0.4920071462537253,0.4920531707010703,0.5032498612762115,0.4979551142081027,0.5035769471661425,0.4865942785228691,0.4960595443010902,0.4941064084619705,0.4813636733680999,0.4924639104994524,0.49637290559072894,0.5101957366868182,0.5003199127947884,0.499308446180932,0.4949009911708346,0.5089855368461443,0.5043442190748612,0.4997750082320546,0.4740839303227485,0.5097583931665507,0.5015065524120125,0.4809637009662905,0.5105284588306246,0.4874539967578002,0.4935156286504485,0.4846987149953929,0.4955308790651072,0.4982811240831304,0.4688084922148925,0.4921330033082074,0.4754378162289031,0.4971002524571062,0.4935137446035321,0.4756204087005095,0.4894851678968582,0.483156440907395,0.48789989163998,0.4980711471431015,0.4800562507639621,0.5157999241536291,0.4867660935522085,0.4871122497563191,0.4877036721294443,0.4925650199974024,0.4950223118733239,0.5088744633705318,0.486831524223755,0.4995938851736864,0.492816179729131,0.475650235425421,0.4922395907685546,0.4733134289986522,0.5097995049323529,0.5001350021593617,0.5117025437629024,0.4871146473860416,0.5022211480489358,0.4949187219951753,0.4933549306120443,0.5109653622445951,0.4859664204062602,0.5292950954573196,0.4948100720503216,0.4664870613637834,0.507513025817033,0.4918024860800682,0.49807719450796595,0.4994087505686036,0.4924597142596512,0.4843365077511191,0.4951827655913506,0.478918168992169,0.5040073706279123,0.5131993450700633,0.4917025222892837
2007-10-26,0.5098420998255663,0.5030615519377656,0.4900876803839785,0.4822587532909844,0.479272197728063,0.5014712907212528,0.5010441540800785,0.5013904331693195,0.5007856840690253,0.5059268082549412,0.5024003637388119,0.4901726671128754,0.5008599291080114,0.499137072310174,0.5008042274996788,0.490387512139245,0.4859927360546109,0.5058963099110715,0.5137893050191694,0.4903068269255075,0.493645512446438,0.44775542444741534,0.4949920612070419,0.5051293426871918,0.4935982394431917,0.4951635895828143,0.4904671201109199,0.4935117937855147,0.5010221776411994,0.5011259623042499,0.4953495986475128,0.497960940862605,0.4867966646188209,0.4855745339781839,0.4963180579140883,0.5042827819033092,0.5055917907337255,0.5066781278318991,0.5152690011086818,0.4909661380136478,0.5229906931798142,0.5236142170776745,0.5204433915981741,0.5123381442320887,0.5094929281825881,0.489658528539787,0.5121613381747812,0.505944932928142,0.4959840637278609,0.4997755760742241,0.5029715097886418,0.4991466962534005,0.5002329264944215,0.4838295030164807,0.4934074625571936,0.485770626333969,0.4927692135040206,0.4994614295663168,0.5011298198581733,0.4916546800217408,0.4985915333989874,0.4901827066147907,0.4884349734265577,0.5011802906333479,0.5065776220206045,0.5030391303180826,0.5228121096645625,0.4958151022036686,0.4967999559862326,0.4825311564247775,0.5069134976818822,0.4864017513707054,0.4918451484658333,0.493051869012231,0.48495814857863107,0.5078507081879765,0.4844640791400791,0.4988882032062182,0.4850068712724484,0.4990041924746448,0.4826009128708023,0.5038623500744386,0.4779308707153925,0.4964083027355618,0.4983771902221298,0.506432611342823,0.5065921769874261,0.5269080198094492,0.4882381443663709,0.5299492923325889,0.4967920240456702,0.4982709394719319,0.510661295568314,0.4953776723995985,0.5106884928195432,0.5035125225687525,0.496361160584311,0.4990177763678791,0.5030729837563609,0.5007761490488853,0.493652461088925,0.4976025760033117,0.4980225974300527,0.490372015310982,0.5037760758816711,0.491764854466709,0.5085238340640295,0.5071034570659282,0.4955301495891544,0.5012869534249483,0.5236343961453923,0.5201990278621876,0.4807818177664207,0.4939581000558412,0.498437209870685,0.4932637944876401,0.4935874788295962,0.5122779295694221,0.5154766617761606,0.4909117644298087,0.5029231151873944,0.4939315784008493,0.502599759791448,0.4907798309059197,0.5003380023754291,0.4907853730440168,0.4871752154637832,0.4932480929724038,0.5037977145830858,0.5020600495867,0.49100517963751794,0.4801874730120028,0.4968029848827342,0.4979852594100075,0.5105831336077942,0.5041902756655048,0.5061309206779343,0.4987158767636181,0.5000512638675642,0.490471972550087,0.4862992133929442,0.4945337530785891,0.5089905068962746,0.5182998736493138,0.5074878295420351,0.4928049580213375,0.4877220828988589,0.501184189376965,0.4988855842115015,0.4958681076560436,0.4989463541588022,0.5030446647432578,0.4993811096193973,0.5072550702686137,0.4869426597984366,0.505486056669049,0.4809718545671111,0.4936789172594961,0.517758744907138,0.494254194265469,0.5169903066925488,0.4962798971133149,0.4948656695198385,0.49656580260163596,0.5004396818337927,0.4869339814731864,0.4812636349063318,0.4918068261514884,0.4956208952483336,0.4905099742631949,0.4833137235631962,0.4896825255456759,0.5036310219148876,0.4976823958527398,0.4911287362448466,0.4935913662938612,0.5215843412207657,0.4991466962534005,0.5185001318219291,0.4866973946154692,0.4884628806140189,0.4933915073126373,0.5199401980203301,0.5168391463361012,0.4827899089645986,0.4974462753913461,0.5033830811903234,0.4995038331062446,0.5020528848367731,0.5166106122027333,0.5059661386515797,0.5081537882275814,0.4868701372641746,0.5025934335405664,0.4917807135839453,0.4704894036252741,0.4882168306612176,0.4801958508902949,0.4903969412715167,0.485335175113156,0.5127118296570121,0.5183844413582677,0.4790443984595713,0.4995156639327048,0.5040957079511222,0.4950286087614444,0.4988405383865331,0.4937729492831922,0.5044831115836843,0.487949882639392,0.5066157776594395,0.5156874162246329,0.4954461833076159,0.4958586460566965,0.4821787244559337,0.4977312554687699,0.486090781528904,0.5011360966289827,0.5079846068357966,0.4926204883086193,0.4982165584418183,0.4911752651480901,0.530521213459258,0.4929014343152275,0.5124523956809509,0.4906045618044778,0.4801910784306941,0.5220084196652598,0.4928240364034634,0.5123546151219261,0.484963244398432,0.5104346747467492,0.500385127864048,0.51651067103093,0.5017091411676349,0.4999758381013136,0.4986381469275373,0.49338457259905505,0.498323147861505,0.504308810218401,0.5160211058670353,0.4922841890311441,0.5003213181816537,0.4934803134829118,0.4940086574752216,0.5056818137584292,0.49237891059144,0.493986565904572,0.5055232432359026,0.4910789321274357,0.4972137640527121,0.5114234632368387,0.4883837884120188,0.5425044026438152,0.4803419060709762,0.5114507618373546,0.4981212225613248,0.4953891961269746,0.5014410901507931,0.4843302784797882,0.5060245253921024,0.493638544210202,0.5050475560610354,0.4970388090954692,0.4830621316645939,0.5102148896880984,0.4976709001261339,0.4988771770128939,0.48999900239008,0.4960807589332786,0.4859410399686755,0.4879376833605848,0.5063949782727044,0.501455531009675,0.4936992853340038,0.4842721206221801,0.5006468568148291,0.4961403055263618,0.4959998269213516,0.4964707523828721,0.4999570241354064,0.4998435813302937,0.4971863661384067,0.5124278133031172,0.4780821920015746,0.480187742911899,0.5118022838368965,0.4919975737106752,0.5086545541609185,0.5007847712674882,0.5004568046630674,0.5121444398202327,0.5175068753166121,0.4890057348761517,0.5029898743072414,0.499912947380885,0.5078831282329292,0.5121401655478454,0.4863276731724314,0.4860564276991628,0.5009293755812708,0.4954081851927568,0.4833424949155012,0.5030602339712522,0.5006265796848851,0.5015250872774135,0.5033043135663545,0.4972581564091731,0.512366635932403,0.4956018448581377,0.5002738929576239,0.4903656736547135,0.511166949703022,0.4956860732345198,0.4941457805651797,0.5170225746883637,0.5125157914847975,0.491583059297503,0.5109282535831025,0.4952879016359722,0.5080667127510853,0.4897196329275905,0.4981153348656609,0.4910146368733777,0.495503586221213,0.4986612839304914,0.4943353131511321,0.4971002716314213,0.4870138321895196,0.5051420558641507,0.481415874861607,0.4979594937245734,0.4968247368193179,0.4950901513067464,0.5187214204520002,0.5052635340886734,0.5232349741791646,0.4982409143665994,0.4955267967148266,0.4931007070401165,0.5039317837811439,0.4819332737893827,0.5062198898980486,0.4954696902044816,0.5075743885938118,0.4869528748524824,0.5017851607425886,0.5143329235167505,0.5038155840658497,0.5086955517443253,0.4933243547086604,0.5088556496339642,0.4920324906913623,0.5091283917848186,0.5026729014340136,0.4935757993746923,0.4972005227189447,0.5164838475257372,0.4934471293664025,0.4880479360120876,0.4891044591012035,0.4809260544742885,0.4956121785752507,0.5138115879947028,0.4939345075981896
2007-10-29,0.4903715039988559,0.4744430075318669,0.4815809405135016,0.5035912857098418,0.4859785632820719,0.5064512416721161,0.4970608548156092,0.487202627411606,0.5158031429500257,0.4951860033603351,0.4824861077150587,0.5005541634587373,0.5041277732098749,0.5098085129229928,0.4883933150098009,0.4929919872693966,0.4745222285282695,0.4965600923596206,0.5025320698544237,0.4941859049059243,0.4967943574099733,0.4899903489781408,0.5002537566818681,0.5072817265857011,0.4906298011849008,0.4911749974723786,0.5098506740538609,0.479758682523445,0.5011870417160683,0.4991897112958423,0.4852142487996185,0.4953188241160858,0.5047527991948904,0.4850390384556908,0.5043990768091574,0.4825734864823495,0.4991862470062874,0.49892819702903896,0.4969776220057936,0.4940568761247904,0.501412927793408,0.492932797461523,0.5244570807593104,0.4853076565269739,0.4867193654797081,0.4894988708957044,0.4816858572174417,0.4943100512872492,0.4990212672671336,0.4911297448475994,0.4999618939520458,0.4977189578719351,0.4930085837586596,0.4794309639041432,0.4922045993425385,0.4921463982620086,0.5041011861850033,0.5148598327923775,0.4913651035553817,0.5111325059689279,0.4966613956385392,0.4961431643940973,0.4990742817655892,0.5104591322654769,0.4959683047219232,0.4887839166765741,0.5217894688398386,0.4988753442836088,0.5053357288573941,0.4885536156591304,0.5057077325289775,0.4942787238859404,0.4941986174027054,0.4980021579238704,0.495216571349005,0.5042131008710312,0.4848411082555111,0.5029533557359147,0.4969457043169521,0.4949032747123301,0.4913900256232844,0.5051320391263581,0.4852085750524343,0.4722754556671661,0.4888307429421963,0.5167373797998287,0.5141576290968339,0.496936227178327,0.4892347101631172,0.5117371074806423,0.5217227443356139,0.5032131168365419,0.4905995921866091,0.4944831471050782,0.4983806849306737,0.4945393863946402,0.4916396047559137,0.4819857716502515,0.5002916756946124,0.4948686115889568,0.4926391634363421,0.4908215349138574,0.4897888596837724,0.5052786823246944,0.4906979886223554,0.4905253238059449,0.4943094053877944,0.49423924460273794,0.4743018022458182,0.4992913102484681,0.5123634092540711,0.4871876447895837,0.4889166998037814,0.4764080172251624,0.4951704337897141,0.4883729079968367,0.4882849224372179,0.4920047282285597,0.4927421313721604,0.5046843592511631,0.4912487314991006,0.5065577218538393,0.4931251390581434,0.5000431960491956,0.4873164959039789,0.4975362158931552,0.4944158998951608,0.4842985581424186,0.5015367984649499,0.4778141865035317,0.4941401758919378,0.4872019377868235,0.4759760520815871,0.5057049053078867,0.4971310772305736,0.498132222028886,0.4945591191826723,0.4869823290329104,0.49526269629018105,0.4914334421523222,0.4853516634748845,0.49207866705739095,0.4938039689976347,0.499786561486701,0.498637316568328,0.4989848790466662,0.4921073247369461,0.4913574454765198,0.5054075314099374,0.4949900150972168,0.4944874827460487,0.5109878179051542,0.4824670699985121,0.4935301995384372,0.5011015352694904,0.49661808176801503,0.4905990062275009,0.4776604929156257,0.4816650951936172,0.4950064845769905,0.4973275008162382,0.4934703299453935,0.4963131525573973,0.4926649444336676,0.4777400508962796,0.5070059430904443,0.5044724442260342,0.4885690236241713,0.4579586625856056,0.4935454214024164,0.4961339337161648,0.4839875121414301,0.5221134823052207,0.4817430691677117,0.4970529633998215,0.5216988218964637,0.4622300139683476,0.4977189578719351,0.5096483206212824,0.4562724805257827,0.4957417903304007,0.518887381034438,0.5026355123923314,0.5108202347985321,0.49980216959460705,0.4867489054015151,0.4927076262573228,0.5030014330399037,0.5074181864875937,0.4973028689220783,0.4927074448890617,0.518491262463509,0.4920817448358085,0.4924789823687971,0.4896799963872132,0.4500374862103996,0.5301656121812935,0.4945609036949616,0.4851444543625007,0.4986136204560384,0.4938937689540793,0.5084645588223815,0.4924314707447964,0.4960163275984745,0.5092180379664689,0.4871418811357437,0.4910339419163436,0.4971364151857376,0.497968946910431,0.490435032243758,0.5011959008180991,0.4718927211529221,0.4855498101466799,0.49253151580779797,0.4908269495445322,0.4978913259919691,0.5256544884510976,0.4927952945278696,0.5114044975844155,0.4847321195178106,0.492669305555491,0.4916578575032108,0.4931127079776776,0.5092443690796639,0.4888613772524725,0.5205314531366283,0.4899263445922274,0.5104454306454104,0.4873235637722729,0.4958877513985562,0.5091130146467373,0.4973701098368141,0.5116337386641311,0.5171176994585193,0.4963769522226785,0.4815659090143688,0.498675445808273,0.4763025623303966,0.4974664398426781,0.5096921836750755,0.4915385999172216,0.5031452401757821,0.5004429903121004,0.50308798185139,0.4969759493725997,0.5051532508381688,0.5040758971907379,0.5037469196940499,0.4989407030101736,0.4994003416731358,0.5131017592547295,0.4876626484339493,0.4952891516995878,0.4910501305535705,0.4966796088081752,0.5176956597619005,0.5104261372737924,0.4958366778137064,0.4942063494636865,0.4850283091143228,0.5370674534316922,0.4878641174263597,0.4951498945668089,0.5183664853633629,0.5023319368157121,0.497673789810993,0.4765085452129435,0.4925705307236548,0.4967749568671532,0.4940188526750314,0.4996126676785012,0.4780453199190454,0.5063696439678155,0.5012004379021039,0.4902664973197696,0.4866080107872335,0.4758807291383677,0.4918114402267781,0.4994040928657114,0.4840174182341295,0.4926181364627522,0.4873807734523429,0.4914350223537558,0.4838502615923445,0.4950917751562847,0.4796224744494267,0.5018206228673165,0.5048491732346103,0.4913946007220316,0.4724259764443762,0.4973509161364031,0.5037852202327475,0.4942000750002514,0.4985946185269135,0.4872391651965612,0.4909505272188112,0.4828331539470989,0.5010249776962421,0.4961043353717692,0.4933558902673895,0.4977797260953759,0.4982859624457739,0.5006657708178319,0.4817508780975269,0.486540428036073,0.4998057939000011,0.4873661216499488,0.5116933778770034,0.5055927149436529,0.5113016807899164,0.4963591982039819,0.4717192129405723,0.491694735298671,0.5038261780123054,0.4884930444561702,0.5071982027852605,0.50121619777156,0.5066827330982682,0.4811154271574169,0.4926322621900844,0.5049634731985911,0.4899597029015844,0.4994406430609858,0.4836682203396094,0.502836843992526,0.5015007308350391,0.5005413994042739,0.4997366289475139,0.4919798002115153,0.4932001025062063,0.4794863152339218,0.4913027704953542,0.4925325257326666,0.4984920142653434,0.4955867307030857,0.4930795626353,0.482506096301522,0.4943906329824078,0.4910579910417125,0.496911152848352,0.4965149055792895,0.4804805729636065,0.4857085915203083,0.5040246567509129,0.4884956190729396,0.4868978634823991,0.5086530691861776,0.5070438213738383,0.4970552575129721,0.5148383887363374,0.4879663063960572,0.4921833547473364,0.5054861291723004,0.4837148975055765,0.4992059098978695,0.4966251297940182,0.4967716208456208,0.5006407505752531,0.4930604636389119,0.4918550549566731,0.4838606042278074,0.4955728154592876,0.4854458758864785,0.5200977670722049,0.4952031252527663
2007-10-30,0.5053679973569946,0.4615784239136677,0.5186995581264904,0.4823979734702726,0.4936817692246581,0.5073568085871039,0.5006104196329254,0.500799090773948,0.4785477497981582,0.4969262773113327,0.4960067650114129,0.4854457671650218,0.4948923598655362,0.4984449259428213,0.5032849853496809,0.4979864119245791,0.5119137624743777,0.4923975398521832,0.4923101205066463,0.4936341997536404,0.5006143628547574,0.5099457264223658,0.5005024761942619,0.4950081307084111,0.4975611307011122,0.4689254302027914,0.5073094935957952,0.4887556221130703,0.5082030189623389,0.5190288965404698,0.4946016242293264,0.4928666210907445,0.4931209060224887,0.5006357600340153,0.4938508810814956,0.4976616676005052,0.5064294184624324,0.4974049335105462,0.5027652631880606,0.4984849057797338,0.5146284284365292,0.4995608428653955,0.4985666367445551,0.4967341292984648,0.4926586210432728,0.4957721504881509,0.4973148535333198,0.4920998448312813,0.5021011678867744,0.4924736380918003,0.4955019422253217,0.5019625678181977,0.4965801708281292,0.4973427802993547,0.4851161140591641,0.4950197927194873,0.4853845526327074,0.5046424264608281,0.4993818853477899,0.4851239177929157,0.4991951844606389,0.4833281294740896,0.5134276063207854,0.4991762279918967,0.5029570704686239,0.5080959141070549,0.5256655302301636,0.5102615358183132,0.5325546170679922,0.4930651505116031,0.4965878849092775,0.4943567669912198,0.4866304891130186,0.5029786509409289,0.4924962705449137,0.505314428152251,0.4876431004578235,0.4896951295243717,0.5076472044130644,0.4916285307570313,0.5073714973085631,0.5006990218125984,0.5086295495660861,0.5016973522893114,0.4824789419525588,0.4885828416431071,0.5050814183619543,0.5030787830823485,0.4823313518905629,0.5093447509034575,0.5073331654654389,0.4955031570462658,0.4932886731462217,0.5008349529070805,0.5090956610269218,0.4903968743391419,0.4757773537684542,0.5047868844306387,0.4896360875054143,0.4958447958963329,0.5032805157072454,0.4920285389118419,0.5174536312255631,0.4916950971049138,0.5118606194306905,0.5021495434783039,0.4912141702861615,0.5009275545034838,0.5004410881831189,0.49812570867712297,0.4973036567742647,0.5085431140601636,0.4919072123098778,0.5081438934584791,0.48760328531950897,0.5005000561544173,0.4919988854539015,0.4973624335659725,0.5087579528629299,0.4815950628616849,0.5093655770164769,0.4904220253124581,0.493893340358723,0.4868359559498675,0.4888607933797994,0.4895713868330289,0.4903271207402503,0.4926626194076176,0.5028377856831963,0.5097174583778613,0.524565255178663,0.4812246502794865,0.5013897685831652,0.5067571656711154,0.4982049987465005,0.5107456973750837,0.496772758658788,0.5080642130073291,0.5026504324217618,0.4917796428930878,0.5031674529481476,0.4903199393107988,0.5208554422581084,0.5073546279698122,0.5009670295149669,0.4911698187919389,0.4966303813885565,0.4920386759234304,0.493142563102793,0.4942292523907764,0.5044550893605969,0.5020205881997931,0.4958120694594374,0.4982466287190075,0.5041420580210656,0.5004374837307135,0.4859275548281949,0.4937733548312103,0.4936351316938554,0.5117739172205512,0.4982953315617989,0.4965795826120275,0.5060927743964407,0.5094330157084926,0.5004280136658246,0.4982972089119978,0.4903557214208646,0.4834167182045736,0.4929139306847776,0.4976337567001959,0.4943492517499045,0.5144369530589274,0.5220444900420174,0.4913999339022629,0.5029191512352618,0.4695468266288085,0.5115409615500541,0.5019625678181977,0.5082074650017031,0.4977374452254538,0.5005413890426113,0.49044210577280395,0.4738187466516426,0.5036217786184748,0.4863002523505928,0.5139338603370391,0.5045267643063404,0.4850068589441188,0.4840593616486161,0.4960507149610533,0.4941052218461327,0.4943348853944267,0.4955845232009664,0.5042811374907049,0.481120227164796,0.45015232962479096,0.5104655555945042,0.4958619471544958,0.4917705642517448,0.5107682144501199,0.4953341702526904,0.4866486634150682,0.4820836888100775,0.4887802076475292,0.4917005484683608,0.4881507776436951,0.491089047532561,0.4974726143726006,0.4957288175427829,0.4960306637383992,0.5078849905458553,0.4819532973070253,0.5022188575585488,0.4788321500440396,0.4921112329120194,0.4884176170727128,0.4886615055193272,0.4981193740368841,0.5232488257255101,0.4967842073276756,0.49312545605886204,0.5277550604895047,0.5116830282071838,0.5006839195829851,0.499435150611136,0.516252550124784,0.4915313237407848,0.4984802744031604,0.493608002458164,0.5026611316961552,0.4818943040509189,0.5090240766101946,0.5012803996879951,0.5025725569727856,0.5021294784341463,0.4888402366040186,0.4960904388659196,0.4887944558522458,0.4864625889052341,0.4925962765034106,0.4987119492039752,0.4923940890147372,0.4951733183173291,0.5004164352773154,0.497994510497609,0.5055169620389379,0.4983555278422879,0.5023244740945673,0.5054519901087161,0.5004109485891061,0.4882060679982023,0.5101119406938498,0.4778718772377224,0.4997470946559672,0.4714116224977176,0.4938941191447954,0.4981771482565194,0.5019479557281087,0.5117857564252353,0.4893383926488776,0.5100127423059241,0.4848841621615126,0.4970066857285131,0.4966032303184512,0.507338739743166,0.4957575741872097,0.4933438708042394,0.506401599223039,0.4894488413348212,0.4995195401294036,0.4924207420077805,0.4971661831466922,0.4992022468211934,0.5041992143220062,0.5059155216261468,0.5027923496562762,0.4970103669212598,0.4881878331639917,0.4897128792463849,0.4779862918163385,0.4974820328365799,0.5013420277093465,0.4927052958440394,0.4682659713029684,0.5013353324445275,0.5029346862526815,0.4979086004325163,0.5071404813932923,0.5021006512563441,0.4895922125922012,0.4902747688722906,0.4995982221264045,0.4842187259710697,0.4973131471256992,0.5036350605238982,0.4972332467741337,0.4900432601498476,0.5003989948865667,0.4860063704879676,0.5063787883915882,0.4797511470640539,0.4890884941328431,0.4962542536980505,0.4793844977599998,0.4955748130730598,0.5143835030536821,0.4907838654660133,0.4835493611551903,0.5056399675220533,0.5193335763599942,0.4927513613278389,0.4918826545072874,0.503872608305331,0.5022981355204972,0.4891369561976402,0.4721055465154798,0.5093360880783359,0.5096182869020248,0.4801060942099363,0.4929639061644832,0.5017233602815662,0.4814475896598898,0.4861478536352886,0.5020462755082985,0.4933093580247143,0.4797091921458238,0.5063222460367102,0.4841607374422621,0.5065052767170062,0.4886772289346946,0.5048956783022691,0.4884341971311961,0.513367256915838,0.4952871742051172,0.5023022304361645,0.4881190109764657,0.5028725329884911,0.5141226768324831,0.4953595198913693,0.4963163798546765,0.4692988691555063,0.4778152354301252,0.5025803997695202,0.4972590678666791,0.4946890721003752,0.4919087821530978,0.498577040761006,0.520640851667795,0.4934466747030815,0.5146408314040397,0.4995572487986338,0.4909875015093385,0.5017794912893344,0.4915805402036565,0.497710188588823,0.4828467384303169,0.4925312420172381,0.4775352760553418,0.4953326403248112,0.4901669165982702,0.5059305475774436,0.5114834667988298,0.4942582554330602,0.4999145239388135,0.4916882110245466
2007-10-31,0.4959193518210693,0.4805231401399145,0.4915225633481407,0.5044184057426734,0.5217878223355922,0.4955135043453885,0.4913687800737553,0.4904144734217098,0.4928907413612785,0.4961176555721217,0.4753983500601959,0.4885611735390665,0.5111651768211453,0.5028159006161934,0.4923257147228868,0.5024101816120703,0.4860660722185609,0.4978281988713046,0.5041796625063155,0.4913244421505483,0.49766770884832107,0.5079189368397552,0.489512772676649,0.4885078254960053,0.4951546234987476,0.4885770059659914,0.4820292784148269,0.5020213870786138,0.4988437506457357,0.4982631387860666,0.4912219809796998,0.4921493231301371,0.4885718242295771,0.5201870487651182,0.5106317000159435,0.4805152848044385,0.4985671453417886,0.5184855477585453,0.4977963143260296,0.4854530962617245,0.5118478966466551,0.5160826574609768,0.5185029228479417,0.4926177521533223,0.5321363130442222,0.4844195232606736,0.4862574764124593,0.4929398719786941,0.4930134306286354,0.4940901204082763,0.5080380636347966,0.4857810928203906,0.4935037373193295,0.4961023427753659,0.5036907222877512,0.4964297932954904,0.4898546930375559,0.4804733876070256,0.4970459000058536,0.4996947238159741,0.4996125846422487,0.5042068457757132,0.5068887808946202,0.5038229878238668,0.4972165350767266,0.4990682954437454,0.5020064789065752,0.5042617955997958,0.5037768587121164,0.4880364153720201,0.4873923496987538,0.5079645656456252,0.5048833723284434,0.4775204806129409,0.4882759471229072,0.4903719866527034,0.4868854689766925,0.4848578213911992,0.4825100704214548,0.4916412803948254,0.4979692214051632,0.4879996464057599,0.4823299471069405,0.5022477755453297,0.4769224000791911,0.487020598563016,0.4984986597174253,0.4847417744783463,0.5102062214720979,0.490991406987063,0.503671529304783,0.4811471858288038,0.4759146715738499,0.487546554508273,0.4962244390992621,0.4919781016773104,0.4921826703463874,0.5071309414139994,0.5062768700856064,0.4923071856899108,0.5095613034659771,0.4886811686893514,0.4911013602007833,0.4806601491831797,0.489318706545643,0.4885044848652902,0.4997528573979069,0.4845093740927939,0.4829420584007399,0.4918566258200722,0.4942349484456469,0.5101674790112927,0.4790499201881099,0.485600552620383,0.5009624828826568,0.4942591117279209,0.47173302552058705,0.49184796730279207,0.5188569390709945,0.4982465626023573,0.5000235832361792,0.5009360078405592,0.4787638540212238,0.4796204326334509,0.4634215929140013,0.4901420854616443,0.4973740469808596,0.4904917053944475,0.4778944751986346,0.5159994080454479,0.5141974054759739,0.4676260824300626,0.46661020206051596,0.4940771352291346,0.4799880765012428,0.5049924204191036,0.5092285787449531,0.4778982284541781,0.4813268376005199,0.4931820664800448,0.4985485660598947,0.4869093993811992,0.5017252491255351,0.5104161286441057,0.5041845411648221,0.4980788608087306,0.4793631054344255,0.4882720446507013,0.5028551567316238,0.4879827671282807,0.4891385909937447,0.5038350067077677,0.4960244827308603,0.5029160131706429,0.4886973587759891,0.4826388963907207,0.4872703712491622,0.5255532276206211,0.472095086842302,0.5147064298872275,0.498249565959367,0.5252524439675389,0.5018777591124529,0.4937687418137495,0.4812919742762135,0.4999737617998972,0.4912542752004101,0.4640413295080223,0.4896910637283819,0.4906160331633907,0.488862359422292,0.4920234402872457,0.4964944811076775,0.4798234798744472,0.4855113609485046,0.493048991809754,0.5088138525058424,0.4857810928203906,0.4998764664835296,0.4900477737639984,0.5042857895438162,0.4776682384994332,0.4990748282381802,0.4899172770542633,0.48569181589598404,0.4962794428107077,0.4949446888288199,0.4754433351845284,0.4974589255542599,0.4842262404768543,0.4903510023805279,0.5075297088089329,0.4923916633363412,0.4875266331791659,0.4789109813845385,0.4882449413367112,0.5251722054184482,0.4796449597012012,0.4683910838691373,0.4810137560238612,0.5281091461451122,0.4943335129073637,0.5006306847794871,0.4815893858240268,0.5056290942532834,0.4606266341632812,0.4880095188920892,0.5077169116532794,0.4768978022214848,0.4769848096143056,0.482731347086813,0.5012353831088818,0.5319988384985379,0.4779384884371221,0.4909312446553578,0.4884139503100538,0.5018404136931361,0.4962353925588333,0.51728130095293,0.4792029390211761,0.4928883585282344,0.4784102718863683,0.5118064621540418,0.4956886915900656,0.507361774771342,0.4987321423205937,0.5057291286721478,0.5015156413450325,0.5125112529534529,0.4985316861996129,0.501751740320731,0.5110869892189764,0.5113006109972479,0.516217970084689,0.4953804719089556,0.4644355630167228,0.488705175578926,0.5001168320196445,0.4913132846304721,0.5025196436722601,0.4897475229713503,0.5020039798713882,0.4952718637379962,0.4788239391058238,0.48215013699376397,0.4893734924645774,0.4956522176533062,0.4940773862071266,0.4869806589167073,0.4985370715646947,0.4602420356878617,0.4854991886914128,0.4945534757691685,0.4896193860962164,0.4981628085967125,0.4830403496296822,0.5011753805342305,0.5078809642144045,0.4980913861276685,0.4924158959530919,0.4810075547550472,0.4958343950734553,0.491914318772639,0.4998356948014101,0.4963347069495514,0.492030853671913,0.4719933904833988,0.4771896045799677,0.4833693861585634,0.4960633069649416,0.4923162067477565,0.4862058358753329,0.4960109017014416,0.4907414920098407,0.4998190218172802,0.5138999623667418,0.4757002593585036,0.4859935984660369,0.4941371986302643,0.4887053478142965,0.5027487207738529,0.5077261893118664,0.4702570745605304,0.4907853322627346,0.4837960294184312,0.4873493186883993,0.4825472892449594,0.4773633139666638,0.4914764567439634,0.4904188589209602,0.4684275709851778,0.4921555270554704,0.499675429375023,0.4993225991522139,0.5063570301228892,0.4923567730199632,0.5044387689111031,0.4973762882602121,0.4923959769841669,0.4952371379247583,0.4977696276514198,0.508501022303811,0.4867519379107546,0.4899157986138332,0.49405343653003103,0.4853329743713671,0.5033832607965352,0.4833973095418345,0.4910611978617575,0.4912272903912218,0.4941771489727127,0.4814132869850281,0.520941797857317,0.4830488733682514,0.4789998445928403,0.4897522058184131,0.4969253722989077,0.4728396209777052,0.4813903652661909,0.4997110548300037,0.5042406602022478,0.4423612743123697,0.49994354524706797,0.4966302786701444,0.4851519535234534,0.4941095535950038,0.4975235755844223,0.4870131667773989,0.478699800872322,0.4982101256036537,0.4744408170202652,0.4942337342768633,0.4965571655731602,0.495459584097459,0.5123948547355811,0.4896407482606141,0.5134416833929268,0.4932668340677566,0.4939711775812268,0.489021877800292,0.4946682571365357,0.4801589650161287,0.4785417674255454,0.4958994288408933,0.4970296968437643,0.5002043075059267,0.4925818219547515,0.4958147248203785,0.5011903071751219,0.4969940012223588,0.4903388951303577,0.5240065303535856,0.4965902534169199,0.5020414485462726,0.5067153386695625,0.5024046141588138,0.4927697288896602,0.4918156126696983,0.481118922760596,0.4848409501089298,0.4967125728341407,0.4897936568802013,0.4930608865668287,0.4948644572557366,0.483411655891472
2007-11-01,0.5177165831139329,0.5168197709699169,0.5084920426134153,0.4946764497746641,0.4984572830825046,0.5192556983875407,0.5131537645089339,0.5101256467218459,0.5150533341587753,0.5050533159900135,0.5232839744561213,0.4941669918819018,0.5214863598559907,0.5046315671736691,0.4977067889378494,0.5015719469649931,0.4911566731525495,0.4926686024295402,0.5128774530539942,0.4669532852515126,0.5150629648558707,0.4936428692771356,0.5057180083767324,0.5243584565404598,0.499182152469884,0.4773870486154193,0.5178380749633832,0.5333587121831876,0.5013802689441165,0.5100498322094006,0.4900743802632049,0.5067525308446005,0.497324733853569,0.5047128204922897,0.5199649486675589,0.5177327093377364,0.5092505860346191,0.5135479810543028,0.5260058488265145,0.5074789843441642,0.519815393880645,0.5000661989549753,0.5172207390183834,0.4868915412913321,0.5154337543772136,0.5271547798053582,0.4918968804319825,0.5038774033322551,0.4985308406601511,0.5013694456923236,0.4913015927755908,0.5128222726320086,0.5089977462748507,0.4989764191755394,0.5172924740490039,0.5287534413517829,0.51597016406396,0.5036186274735411,0.5029355866266986,0.5125340308925623,0.5120380062874921,0.5088941434189082,0.5221891229626737,0.5062869795834274,0.4970037296365742,0.5028345917261808,0.5209435233005304,0.5197348147858348,0.5305849057620179,0.4906588017554969,0.5126978948005868,0.5202456450130796,0.4943218936350405,0.4853314079328773,0.5071011729391873,0.5123115071359367,0.4946566051987306,0.511109864432073,0.4947193560989734,0.500297653249869,0.508877841524799,0.500683096345862,0.493460581338425,0.5018014363324584,0.5087032708968365,0.4970832852629737,0.5012979373788125,0.4978583691109537,0.5118392631740888,0.5108258183195176,0.5136820464118177,0.5234469487396849,0.5206599871775188,0.5033581112858009,0.4963400309728504,0.5042584219109351,0.5171506511193973,0.4990218953123512,0.4965982908754176,0.5024992116258161,0.5213847451469257,0.4855227997184631,0.5093541167042154,0.4949611097391018,0.4864791235101318,0.5132532879749743,0.5009179540637938,0.4983551057449502,0.4895547726085138,0.5171528072597728,0.5038216152368215,0.5176727983069763,0.5078677071473588,0.4728797550558805,0.5070718864555915,0.5109174937997669,0.4966272049507272,0.5105650895809113,0.501624484033147,0.5190782390773797,0.5035871158228594,0.5069842313795114,0.5042897484369452,0.5237847183175479,0.4862390077387258,0.5096773557697815,0.4947229122157125,0.5001238719015485,0.4980840689274838,0.4920318836124692,0.5278564186348442,0.5082084316732127,0.49368468032390206,0.5107120532892448,0.5229324790383969,0.4972099046189322,0.5170394221618261,0.4956064575445432,0.4895081227521932,0.5050756106356734,0.5111827606425859,0.4946324411549634,0.4918291181234527,0.5046161182996333,0.5112243336843187,0.4926831216073672,0.5099839733482943,0.5073748255703667,0.5163829049612072,0.5164256418190611,0.5206901068734457,0.5038404681471085,0.5056555701411489,0.4878419241437038,0.5059109203135594,0.4967986147545583,0.4987844909510911,0.5031094976917384,0.532004520633226,0.5003485630091008,0.5161556177975809,0.4950892607891672,0.5016739351259274,0.5069909151801832,0.5139348993799808,0.4966351053706456,0.4893764458560746,0.507186291211202,0.4817095446642466,0.5110058474521721,0.5007661715499919,0.5243541927896208,0.5085540201259288,0.5253197999990998,0.4995363381830834,0.4940394024456228,0.52343621987209,0.5128222726320086,0.5045262149467858,0.4970276498906832,0.5041533169943669,0.5103406995800914,0.5129203234689389,0.4844350929254539,0.5070285317885919,0.5058887489051205,0.5013386394152921,0.4904698602050396,0.51535628088061,0.5325019913618028,0.5079051751504318,0.508020480603211,0.4988032627783359,0.5191449324636206,0.4919175210760645,0.4763659952101029,0.5050014567370747,0.5178408160188859,0.5132513966827762,0.503506118952432,0.522394015995043,0.5259441229262849,0.5366540890473803,0.4914826688785742,0.5087226796230716,0.5053741454307578,0.4992801795657144,0.5022976244822028,0.4714386655015826,0.5065901354093422,0.5038435484813599,0.5264709438614583,0.5228200300147763,0.5026034383649668,0.490416015805742,0.505716520709724,0.5030958424025025,0.5208349186220382,0.5201104702419017,0.4885673900191976,0.4958951784598449,0.4960331756010349,0.5022530484164869,0.512673829993353,0.5336740417482508,0.5111544800114889,0.5129326615464549,0.5073248332429642,0.5230424278302694,0.4983765271268081,0.4983890700128427,0.5335524940091849,0.5082655555406855,0.5209459154309233,0.495998487116515,0.513735524535639,0.5145540094440969,0.5182636302954399,0.4887197827882624,0.5143889547439646,0.4900932732313218,0.5132729178217101,0.4996912799297537,0.5070420237974366,0.5012008149075287,0.5050765259812794,0.4971349471617949,0.5068587092030538,0.501499761872945,0.4949967674609059,0.4894766309118601,0.4972163292969146,0.5284188541431809,0.5084243036331768,0.5414326846497047,0.5149800467911054,0.5105785394302135,0.5396920563527593,0.5256255969999191,0.5018413778782649,0.4944682075158916,0.5024607025383424,0.499128360580697,0.5095254939070871,0.5257862356002402,0.4929251646758753,0.5007418823879328,0.5265072438194206,0.4983769201699016,0.498374801703997,0.4978206773572294,0.5121442041785862,0.5107682564429694,0.5071476245254186,0.5139745181805371,0.4820930835613644,0.5055784793784937,0.4964444584545058,0.5279260370040713,0.4847574571385148,0.5125398639164711,0.4960980427314538,0.4945143791153338,0.4972048495104883,0.4916142642395101,0.5193171535482839,0.4918573548672177,0.5090828865677607,0.5023097357676277,0.4989182677240321,0.4973883066109961,0.5019196974909318,0.4983332721560804,0.5024982935128157,0.4923865248921058,0.5175125241346479,0.5082260584799003,0.5241055794026489,0.49812986689045297,0.5036443954567794,0.5162500567052017,0.5110221358505815,0.5224446356917615,0.5058829618016941,0.4978455085799221,0.5047135045655227,0.509009554802291,0.5050239157643801,0.4926814777090103,0.5140370766817318,0.5123337537804016,0.4926511134912666,0.5199518253429943,0.4957667025992008,0.5029076743583283,0.4920639130516802,0.4949231637967096,0.5140808401096189,0.4976122527308846,0.4998930370566106,0.5045161115459594,0.4885947037864734,0.5144389813882062,0.5311999241369251,0.4968393766945444,0.4947266457033568,0.5012370592954509,0.4954111537774111,0.4918148131997032,0.496139034979976,0.4889369196241045,0.504671005578621,0.499498473589257,0.4750737455489658,0.4947743945943421,0.5029875292516253,0.5064223511688974,0.51158292977552,0.5033563348914517,0.4987609263732228,0.5088403440345318,0.5189635085995086,0.5133564600473322,0.4970321382911957,0.5261150463481039,0.5028048498263771,0.5091200707712822,0.5251420673772417,0.5055608232803895,0.504707918612431,0.4904866642887549,0.5333634981235169,0.5074753598908048,0.5004875283246422,0.5182350535910009,0.5173005970331221,0.5064261586842439,0.5147190186277824,0.5009669090156774,0.5005107881117072,0.5189204639812125,0.4978945897170712,0.5101076395752484,0.5079464222641671,0.4973980855105297
2007-11-02,0.5044961855581732,0.5232820140204396,0.4968025796289165,0.5005853058464814,0.5301005608420923,0.5036031528849289,0.5022261859718045,0.4970737596226694,0.4817123746445346,0.4996310550029727,0.5242571316380147,0.477109065304774,0.4934867213719791,0.476795355523024,0.4867519801701337,0.5008469793035499,0.5249100413115365,0.4865297983985865,0.4829835273661288,0.4467752539220219,0.541672455482303,0.5145389470027169,0.495460253295442,0.5087227681422873,0.504009742214432,0.5009278829895685,0.4833064617682568,0.5279444038497378,0.4894661473260839,0.5176018799195964,0.4885212580342195,0.49559459526404204,0.4864977416862829,0.5099212651856301,0.5153605468910625,0.5076624670078718,0.4830530521572208,0.4960264975744259,0.509276359035459,0.508401711721638,0.4985420261143702,0.5188758846933194,0.4878188683255802,0.5024587821196792,0.4825316968526598,0.5021686762292145,0.4943495550211727,0.505752198844126,0.5028020726255573,0.4970059116194246,0.498639526452228,0.49067109614378296,0.5014774727509697,0.4887413243756684,0.4862431677368041,0.497729327055818,0.4879142292465673,0.4922019079524206,0.4965789058877994,0.4893250467361709,0.4480644658684905,0.48146946404292407,0.5279105022906954,0.4997703294963282,0.5049698470379392,0.4926560300336622,0.5385175449719085,0.4955931913639001,0.5144728919770301,0.48537117023118,0.4933102511675594,0.4983642422305032,0.4844203938953568,0.5158307890553314,0.4775820595619908,0.4994142144101321,0.4843872145754804,0.4920560429143147,0.4887394936096571,0.5093208290317093,0.528986150805164,0.4955036123545778,0.5061699557002366,0.5020188439335709,0.5139511392171876,0.4876029339838271,0.5011279998045349,0.4966739500703466,0.4895203999040205,0.4966666222126872,0.4981070367791199,0.505610942197891,0.5091207362941013,0.5071056198603525,0.4842671989746363,0.5180568481891555,0.5108339350198071,0.4962427555110727,0.5092189740467032,0.4844121742077455,0.5275680366783481,0.5119337723836844,0.4890651341111056,0.5088692142017655,0.4579084882619265,0.5049103146857788,0.4983865707618094,0.4886041691989649,0.4884707069882434,0.5073561210030879,0.5038936578649424,0.4996052774067105,0.4903914725960433,0.4934417664689745,0.5047290822295931,0.4911644916078281,0.4956987570257634,0.4834183104004605,0.4889812702560382,0.5003612061234443,0.4953989018570121,0.4839434014747286,0.4810034752364526,0.5166814999526244,0.456486295854898,0.529686309016664,0.4969404365929568,0.5003028484344526,0.5042370887804799,0.498016309489796,0.5214284224476836,0.5109836507391968,0.505382271175896,0.4992822839844302,0.5044748953117397,0.4982153588820343,0.4989424630801655,0.4949873340253462,0.505716223891282,0.4962716404605394,0.4844811486799962,0.4916938296939488,0.5064616696033563,0.5209765692860798,0.5130702368673173,0.4833846885458448,0.4917845351191236,0.4977618005013658,0.5045652939720147,0.4891888461373318,0.5010060686056322,0.509371423965985,0.5105903303500999,0.4887944407179272,0.4910847134083977,0.4875776400781043,0.4868058167961968,0.5064103771601889,0.5116398905168934,0.5147805292755757,0.4988428705882748,0.5029298089147447,0.5006017836159422,0.4991523975710343,0.488158990047272,0.5031326052987454,0.4831698433527974,0.5155114614021676,0.4952854802642415,0.4952511252128711,0.4740415351080848,0.5039689061881203,0.4995605117251906,0.5135390009971454,0.4970977546799923,0.4978668135624973,0.5154471291022263,0.49067109614378296,0.5208560755782139,0.4723915607660168,0.5013498638772085,0.4931534393937272,0.4695978498379244,0.5068020002484229,0.4913142681445106,0.5213923931108465,0.4919111610732824,0.5097960243045453,0.5065444759772358,0.4967267672396518,0.499803348250536,0.5187803222220652,0.4894388214169392,0.49405476041409296,0.4805403972822857,0.4788565890902977,0.4997536000712128,0.5112658650557442,0.5084946540685992,0.4885862613379581,0.5161427880711889,0.5033233799133338,0.5051501052619416,0.4999117893610929,0.4971333029553546,0.4677840996068297,0.4765563981936909,0.4889060778947084,0.4849424347219263,0.4836207366906095,0.4875319102342053,0.5296080474716933,0.5150550632375663,0.493381322203406,0.4817371150485383,0.4881246867930231,0.4916420722699362,0.4796317232755161,0.5252764484839298,0.4884225842144821,0.4966442683538944,0.5027238627294545,0.5113953593724192,0.5000941265078249,0.5102628268112521,0.4909092277485044,0.4830226762689069,0.5056259531061745,0.5373105736843612,0.5121026612890877,0.4867025799876722,0.4997122227812444,0.4970694758172218,0.5124258943594695,0.4862078413517891,0.4921026366625445,0.4978029950193836,0.4915305726255289,0.4921510992561717,0.49953457490655795,0.4836846111893833,0.4899519366880605,0.5100602886715838,0.4965460525494825,0.4916859849483733,0.4914904426178507,0.4926091034610645,0.5027690067572749,0.5004979950269834,0.5089350094193026,0.4896890888823857,0.4782519727582274,0.4983350542323222,0.4809225253454879,0.495372666531559,0.5188060834493778,0.4922629348925038,0.5127987819296417,0.5260694518732322,0.4811013517671487,0.4647842344665933,0.4975035823017685,0.4912365783536243,0.5150354802325294,0.498199600211763,0.5224179178195967,0.5002838003390696,0.5273861806427557,0.5036798945740891,0.5043945973754042,0.4926235883401615,0.4939655148838154,0.4985366536360108,0.5120237625626939,0.5019760445157377,0.4592750851691199,0.5061868769800407,0.4981488686588722,0.4795608778435163,0.5011054096603921,0.5093935946353578,0.4952923419361375,0.4997771021357854,0.4897534902475004,0.48595761859263303,0.5022033152296271,0.4912273483899575,0.5141057546886326,0.4877391004533185,0.4663244109089378,0.4542192783114409,0.497893327650697,0.4908421738232699,0.5004808924834112,0.4866584328599941,0.4950458156054434,0.5193117660096118,0.5084475367138168,0.524638471942501,0.4971398544944007,0.4964573366994497,0.5033029814417451,0.4946520944519213,0.4704554215620825,0.4939703427219554,0.4923328980426649,0.477218017513024,0.4929690978216357,0.5030591640195468,0.529633397560823,0.5051337812807455,0.4976833988095841,0.4938753337390911,0.4983199429638889,0.493686584994779,0.480847579917139,0.502939673067705,0.5229369706085389,0.4967338178256589,0.4936141495847165,0.4989574395454671,0.4975466978523408,0.4950154996858562,0.495546808537327,0.4780045990076919,0.5015413027534547,0.5002257441209776,0.5080010021742065,0.4951380207986843,0.4988776903611585,0.4766213670738241,0.5142932400066631,0.4914035530523475,0.4767282904024169,0.5223668256984251,0.4893439436372777,0.5036059187795688,0.4895126420841828,0.491950501999698,0.5027204140869561,0.4823600354594806,0.4737845863821382,0.4929294124576959,0.4993759461180923,0.4885890247991529,0.4945135739296044,0.4942233171902909,0.5105392357126383,0.492800907823641,0.5038908726418012,0.4937618623975221,0.4947293045389558,0.5093244562466602,0.5112303255197472,0.4981647780564436,0.5337001564334283,0.4931707478426771,0.4960243685857391,0.4894063135782407,0.4922574843151962,0.4849724062896186,0.5032424350536854,0.5057613899907454,0.5258810517397856,0.5002961718745133
2007-11-05,0.5357454260069601,0.5149160922604106,0.5039739196127603,0.5321476629150499,0.5277318244565494,0.5392884397595329,0.5047844440372716,0.4930421157273322,0.5111812928088264,0.48574840902328903,0.4834597924059356,0.4995140122507993,0.5192319815416985,0.5175377039768511,0.5039731628148578,0.4929181505579141,0.4956772995796265,0.5085013432237747,0.5046605162528367,0.4580151536200572,0.5259739513051912,0.498473696637516,0.4915978587457648,0.5081790630643683,0.5051256715252592,0.486625564269579,0.5133928216261774,0.4992199715818231,0.5262661263666547,0.4915077640418809,0.4942920279433594,0.4901372610161877,0.5145473385875342,0.5218178689464775,0.5534242233021995,0.5284477263028073,0.5248862583135866,0.5065918642690099,0.4771827824357234,0.5075507661259377,0.5024452778466967,0.5230383691010378,0.5155505591528539,0.5073729353687148,0.5151084591255572,0.4973956272511471,0.4880446775970991,0.4936142344788664,0.508768996680115,0.4928646849467447,0.509478312203231,0.5071237783296378,0.5262164234305865,0.4954869054668374,0.5512401040240242,0.4962861100693018,0.5193825508119687,0.5286892152824219,0.5027779060447963,0.483988071555867,0.5008829812554028,0.4936463957680231,0.5127514676634705,0.5149378439841694,0.4873782801382454,0.5239738396722418,0.4986080769452365,0.505142723604494,0.4955561268249393,0.4800989593910646,0.5397861528210989,0.5006778855673242,0.4681064558089664,0.4961870199171439,0.5093614032394573,0.4863716892312882,0.4880066731386635,0.5106150041080683,0.4972506773742669,0.5081642957430001,0.5407314905320343,0.5009575776019531,0.4959146207070257,0.5121616114452789,0.5200843619909742,0.5124425872342381,0.4936548165471831,0.4808908259539249,0.5037114507175894,0.4972655691345526,0.5222698946651602,0.5151779056025324,0.5014068368665062,0.4895157005880928,0.5027345142903912,0.520332075922198,0.4991627956276113,0.5038728341137756,0.5140981320498623,0.5005934594243693,0.5114494294904467,0.4805355005176119,0.5141154212500061,0.5065731053998606,0.4926998227577471,0.49600545875874297,0.5115550101395939,0.5098894781537892,0.4815035318572525,0.5338905375839385,0.5146102991321411,0.5306269848452004,0.4840537946297734,0.535456942614055,0.4993427286201305,0.5186339707263455,0.5159395747766936,0.5092607618953388,0.4918412640385224,0.4827645663428561,0.4722423240965663,0.4889573253140612,0.5028479977586632,0.4887900383560276,0.5049560875426163,0.5023952958558534,0.4973913407858964,0.501794720580063,0.5038818647943714,0.4972122897433438,0.5242759964437524,0.5267072661071764,0.4993409605518802,0.5048916878532607,0.5646185152862737,0.5123730801028309,0.5064672987957424,0.4946256489062533,0.5483656128793762,0.4755874531842606,0.5194065478398489,0.4966068071449612,0.4862113482405465,0.5099285993024645,0.4890836606988418,0.5079789534599467,0.5112029228011999,0.4960925784687967,0.5164828327248594,0.5152498167239311,0.5025508529841579,0.5009051062864132,0.4964274311372146,0.4998643008749459,0.5160869453605159,0.548841647122819,0.5314962038782466,0.534530704712558,0.5058253212106782,0.513021020844853,0.4889554922810657,0.512007856718579,0.5020165832929309,0.469885752591928,0.4943003956899841,0.4969917439414132,0.4834949269316422,0.5052944606668416,0.5089699856855617,0.4914337865817461,0.4870192308815428,0.5222044683011804,0.5028774121980271,0.4934240584194878,0.5002708283500357,0.513590084679439,0.4834983800261392,0.5071237783296378,0.5212471530297804,0.4853568322017378,0.5237551264404552,0.5002352535486697,0.5071855806073041,0.5001314911092957,0.4618852610051646,0.5456924417189446,0.5345411355798261,0.4992835338967032,0.5116641915613682,0.5209457366308651,0.4958287287599917,0.5213178783857206,0.4991924688086224,0.4957662079006444,0.4964345877091021,0.4890804292028621,0.5087406508122683,0.5259987036126715,0.5087366943870443,0.5413802288598539,0.5029807544218514,0.5043221076747996,0.4987887530049038,0.5058486075727072,0.5255837104763055,0.4912960992129322,0.4715125146722498,0.4992079895289572,0.4885034170561692,0.4908618347085497,0.5109490878090714,0.5059474066498448,0.5024858210962911,0.5033851100310406,0.5041932677666252,0.5054492030270139,0.5532943526549997,0.4985758705556271,0.4987706146677208,0.4790845968593502,0.4922489222667343,0.5112775746100656,0.5226686630568129,0.5344425230268858,0.4901955682802846,0.5336081710247346,0.5279796324145727,0.5082658734352952,0.5260976704670637,0.4956659485029953,0.5280508586329794,0.4893288104756365,0.4754565223840717,0.5052109651771303,0.4837000672609363,0.4896179519681683,0.5244224120420021,0.5076443147253492,0.4952110339145461,0.5347277256592596,0.4778651883433581,0.4944868647926108,0.5016203279112568,0.5035064801175605,0.5174170669472672,0.5146700259216409,0.5072692099925258,0.5231740629919889,0.4940767954819537,0.5164832194060158,0.510229326663031,0.4903330631340173,0.5046656049326959,0.4933508437042984,0.4918047623999853,0.5235272778199712,0.4983957683686592,0.5152998383860503,0.5172355396389512,0.4883579878205847,0.4775365030652157,0.4997645286597094,0.501933885216397,0.5009788064427002,0.4838399570323532,0.4899081540077661,0.5108635747418591,0.4995440595377566,0.509239700095928,0.499420497004497,0.5019356229694226,0.5065334070499926,0.4890999131822147,0.5233600988674143,0.5071441039984085,0.4999665629305534,0.518712555497593,0.4940572442007825,0.4239722268848764,0.4886313515234255,0.5104587502471677,0.4842536687560266,0.4593123017743448,0.4873593321408571,0.5322737573337283,0.4822836840167797,0.5338238365902416,0.5289093958510479,0.518927643181366,0.4841261301545194,0.4984987515728633,0.4948096247032026,0.4860344485647794,0.510947774660244,0.510700453500537,0.497736025534541,0.5213849274865099,0.519951417239701,0.5178911773329581,0.5095133265105186,0.4939526143910564,0.5302432379047571,0.543390546082414,0.4960370848102757,0.5002150340008171,0.4866930800926152,0.5225344944293145,0.5445316468306108,0.5215437869823563,0.541201712769347,0.5024688954715534,0.4834017033444034,0.5093834375021671,0.4931865281023355,0.505465621068787,0.4866465712697162,0.5003690697060583,0.5041711910854222,0.4834751045047141,0.4889553280778176,0.5319705215102873,0.5005362212417286,0.5068893579941901,0.4800399711319425,0.5361376340957379,0.4958315621124855,0.5027809185050826,0.5098169266763765,0.4979147302552522,0.4943032998090892,0.4779721598411769,0.5263340556953876,0.4985916059548586,0.5052853658404592,0.5542750125398009,0.5082501084138942,0.5038419031670197,0.5017621056002984,0.4988747272151741,0.5042632623319838,0.4937311278180242,0.4962730883159592,0.5059235838178132,0.4754621371528542,0.5306654191349637,0.4954582459109895,0.5213848029832868,0.5046614363548205,0.4951382903719938,0.5392537313493467,0.5061699193749309,0.5205163473417818,0.4977936431124982,0.5056677206808811,0.4944481956230681,0.4902891757081918,0.5026468324784277,0.5018083284788244,0.5033702946644489,0.4861985277656525,0.4855147237378921,0.5371469966464626,0.5089663221020448,0.4900512528621096,0.4999680089395532
2007-11-06,0.5028347128158088,0.474626997809007,0.4929487116889443,0.5030947166863846,0.4846675796533048,0.4968076599119493,0.4921012481902314,0.4935962865980699,0.5026886298465367,0.500463415278441,0.4780026336147932,0.4749230994870653,0.5174862857406471,0.5155018024394076,0.4989304445807346,0.4894712449337119,0.510818068647075,0.4930395677155426,0.5057728200100553,0.4780437642865342,0.505754264379856,0.4845205304126862,0.4792580857627724,0.4897767146518206,0.5143693408501525,0.5013167472866015,0.4943806750926947,0.4820244375068883,0.4788312763338193,0.4864651696795675,0.5019455582683132,0.5100301409816057,0.5296755245838789,0.47899125516571,0.4920155340047971,0.5073065231542057,0.4954608449667806,0.4959123654015522,0.4941007355061526,0.4858527235069552,0.4936208411712413,0.5035830542001081,0.5111722423239933,0.5087346407113166,0.5041711459752264,0.5078243355254727,0.5060033267052041,0.5153889855734263,0.492717020487981,0.5004385091853416,0.4924214727529717,0.4845887997026628,0.4909551913438094,0.5032189744408386,0.5000850648662545,0.5113635685350097,0.5102485777491649,0.5054424588899051,0.4783642585592495,0.4887479215732388,0.4912217179921143,0.4994834016814784,0.5094078516369834,0.4937677953546701,0.4921914593087881,0.5079748884302354,0.4941678367708752,0.5025792716272248,0.5080985879756962,0.4949392275426554,0.497572160319552,0.4991940326878058,0.4844275539206256,0.479934486103349,0.5044704184076474,0.4960827361523273,0.4893545285568082,0.5204278387247799,0.4962432395139663,0.5171804477374813,0.5002510646492994,0.5064934846591159,0.4746871868166249,0.4990305591211632,0.4994634968156524,0.5052775462628689,0.5042060804003746,0.4853013663092508,0.4883688196023289,0.497824454183345,0.5008516300455889,0.4818146744727331,0.4888254252763001,0.5078011747953196,0.4978566153807906,0.4967206860479733,0.5092861008673268,0.4989895931235125,0.4892871431432468,0.5064022648635274,0.5070257945449533,0.4927744798265627,0.4918240899380146,0.5055833237982528,0.49667466962420703,0.4929063505254817,0.5009157697925604,0.4996888855686569,0.4951235114486445,0.4783486674148236,0.501507314073138,0.5106024192311879,0.5069322964770768,0.502676477149548,0.4885431244921525,0.4961998618978045,0.5046437382616525,0.5082927169132984,0.5196124197423124,0.4917949693344949,0.5019673572205204,0.4928537669796876,0.4909571843957751,0.4736220412977121,0.4886324654491778,0.4987518821921928,0.4977870269882835,0.5009352927734821,0.4847702873324704,0.4780070128713781,0.4931912585269866,0.5089232757744773,0.4900109982341457,0.5033771119228586,0.515768993153436,0.4991747146747239,0.47143342560338297,0.488978413857633,0.4970388164132887,0.4976683943051526,0.5026582985249101,0.4854713248426459,0.4800573252752786,0.4987784735166729,0.49469882034683205,0.4942786307096049,0.5235434856742022,0.4971876588626931,0.4923831257955369,0.4992589385506192,0.4928566172060618,0.5084606649235626,0.4947666889180552,0.4845694279119134,0.4963507326528703,0.5128519372728906,0.5192031369260744,0.4984519810592939,0.513402863721349,0.5047292326777729,0.5020264474517316,0.4797806622791266,0.4976766346219591,0.4513815456824324,0.4853673221921296,0.4856526203583865,0.4962030272906239,0.5002349640044876,0.5012434017747631,0.5036753449673091,0.4981931499836762,0.4685500237050228,0.504770460593935,0.4790928991436365,0.49112927752675706,0.4590121702120772,0.4771021272696424,0.4845887997026628,0.4945959813976626,0.4963818650029296,0.4946307125526863,0.5027037287882508,0.4918111373965923,0.4925477639025552,0.4847175263802017,0.5152983484354838,0.5124627110804205,0.4825446064345969,0.4873716989356373,0.5056247022697635,0.4877100554939109,0.5082525844181635,0.4924639478592599,0.5019319620269957,0.4947145478228435,0.4875430853829528,0.4787232249123414,0.4856842840124736,0.4899679167875401,0.4807804183165001,0.5109852402317442,0.5059642970583693,0.488288838739921,0.490822357404531,0.4893213136335253,0.4686401844593858,0.5086353881446543,0.4692051141593662,0.4944992499053625,0.5021643989487695,0.5113318459818879,0.482577123118199,0.4928145995834285,0.480732535739128,0.4938271024732716,0.4948981844398795,0.5043690903682437,0.4717353731477141,0.5003172472382656,0.4878178342913147,0.4994735424511949,0.48712506870298,0.5028851892302164,0.496313928912218,0.4749948291531546,0.4997139052566258,0.4889949838852588,0.5173807414241006,0.4926283443575454,0.4910231235853528,0.5020387563956928,0.5095214735435506,0.4835498859082757,0.490610235075002,0.4996919304791661,0.4955906945943289,0.5045098677104328,0.4843445777160039,0.4928567781171551,0.493645371405697,0.5031189529515635,0.5065734250877196,0.4890124114435416,0.4950189627254008,0.4965692568824899,0.5029060831302682,0.4946171905687872,0.5026355252076216,0.5073569894188169,0.5057188093783502,0.4831573853173819,0.5146786309010186,0.4913655071615965,0.5164674853066752,0.5065942923467983,0.5127185926363256,0.5002363632820779,0.4919054235918066,0.4975742410213034,0.4941252155078403,0.493880232197236,0.5016776914025018,0.4653574133189685,0.5120911603456222,0.4900316300504266,0.4945901729405245,0.4878640833293767,0.4947169545888153,0.4972540157030063,0.5077863983671651,0.4995329589008206,0.4910587897925181,0.4946314928078082,0.5068872899597102,0.5153832672191311,0.5061143844618317,0.4868717546478114,0.48248740968406,0.4773578532618207,0.4900455904623386,0.5027447209448046,0.4853271871835994,0.4610872654320531,0.4930161937860673,0.4809554134761936,0.4756484480708043,0.5080258839619853,0.5099608563744661,0.5000343287300959,0.4908965486277702,0.5075846847246165,0.4915362221639725,0.4942019023613424,0.4923410579351838,0.4955567302390054,0.5034333931814277,0.5063373149790013,0.4933289009635485,0.497882793210813,0.5046230550955983,0.4927588084822411,0.489694874687539,0.4823485858908312,0.4905151112611912,0.4755304610247287,0.4724634106713074,0.4959068457645975,0.4932356568151319,0.4929388086842189,0.4907014751057551,0.4971275206444096,0.4754585762439692,0.4947092940065143,0.4959907754043834,0.5085521262379168,0.46140752193196793,0.4915891589685989,0.4863523823859475,0.4810043851521877,0.4863919648893148,0.5006008380673943,0.5009186536675844,0.4976865068182111,0.509036760572813,0.4938393259044757,0.5010256629673273,0.5025859507101598,0.5103736900449731,0.5076713553300667,0.4945369220524463,0.4871943424522691,0.4902733242202837,0.4956946472932096,0.4887543770246814,0.4904902387793005,0.4754046632701944,0.4920919236027334,0.5171592301052635,0.4973512281771463,0.4880376853964664,0.4986273271169605,0.4869166621543534,0.5075534203760399,0.4936028235953934,0.50968684202789,0.48806991706647096,0.4934559477023813,0.4846256716849258,0.4862838987178156,0.4589885343665104,0.4983333156298351,0.4818889973162517,0.5056571782167005,0.5143481026755824,0.487745446452129,0.4861869653086878,0.4974870915561922,0.4850628378577467,0.4641264114663834,0.4992989822341524,0.5003719307691982,0.4850417675504956,0.4914747986395937,0.4974400521447842,0.4841034317026664
2007-11-07,0.5196358232535119,0.5245836564799673,0.5199109761513737,0.5185829220938962,0.5123998138283902,0.4953471414974973,0.5006418731406246,0.5247736808837502,0.5046941293872516,0.4980487242984489,0.5118614735826847,0.4964230127944051,0.5118762782136858,0.5282897123692043,0.5044763533930645,0.4494198312932042,0.515792293101454,0.5076077261871996,0.4907599795159664,0.4983895708951966,0.5002868984910299,0.528473188218577,0.5048320022248828,0.521513646347097,0.5003111507501224,0.5001908299137984,0.4881098435886767,0.5098139578605623,0.5272840205770107,0.54451982748449,0.5220838186097854,0.5302333097376373,0.5277771637029531,0.5478393081113383,0.5177776273052024,0.5212379053976498,0.5134808931378098,0.5030186651843636,0.5149880537669317,0.5023756197806017,0.5091230445927054,0.5020165884120824,0.5156801482942744,0.5069324053350096,0.5217750644881265,0.5285959503013554,0.5579045804058536,0.5038328695855631,0.5076031684029109,0.4942326154957231,0.5078669285732146,0.5002872179709374,0.515776151813508,0.5175373262507255,0.5152956273778507,0.5143105639990075,0.52695833148633,0.4995123532088999,0.5281059694563904,0.5047131709258111,0.5157965829257062,0.5010996211303841,0.5042907088738205,0.4998549652355586,0.5163605251028818,0.515293481811574,0.5037718587873004,0.5217411721430216,0.51430757466679,0.5211315994682048,0.5065077890685918,0.519479873381664,0.4856349753915889,0.5081434800519699,0.4948185542825264,0.5171018162837189,0.4917872707971254,0.5189254330600698,0.5054482441440398,0.5166547758804784,0.5141000360985551,0.4807704332154147,0.4894697599719318,0.5119892879029476,0.5392274408424506,0.5117936833360756,0.4988497940836601,0.5179684498971848,0.5075511118703413,0.4951920576887591,0.5235024303152763,0.4978848047016083,0.4982393344392193,0.5027731292562261,0.5088809708140436,0.5207001917073868,0.5028477451312551,0.5422949953353645,0.5112616447854607,0.5335085850145852,0.5176786056363665,0.5308497938114319,0.4877693670130702,0.492510984111593,0.4970266306545804,0.4966879913026518,0.4979513193336076,0.5153895893747047,0.4904581296310118,0.5228588006465971,0.5303948303511115,0.5258639088760144,0.504641120584445,0.5115899680515117,0.5039046787166429,0.494285898587406,0.507585257310388,0.488983336862856,0.5220174906098611,0.5036291870268234,0.5190186931699265,0.4934925793539527,0.5027168083565562,0.5002844806841452,0.4980637601653073,0.525829365910278,0.5090570300478091,0.5037232050659218,0.4964706553171198,0.5180341503143336,0.5454117947214677,0.5123513968517026,0.5212272775322101,0.5056884625957704,0.52495221670131,0.496542372888927,0.5190998629487684,0.4992305597129336,0.519094304738912,0.4988512614231344,0.5444180029703907,0.5013880347991008,0.5130435580583079,0.5060684781226097,0.4959978428188385,0.4928820223204104,0.5429429166020578,0.4950562122588642,0.5352439253972998,0.4963078842004352,0.5190837510438558,0.5282760246160713,0.4971562476530596,0.4986906537754734,0.5155245923790825,0.5053432949373982,0.5102097553906968,0.5460319820052439,0.5032275864865006,0.5295263744883842,0.5045491391270147,0.5243667154290537,0.4951602575883392,0.5024522644821621,0.5151713715683387,0.501393677716689,0.5122213054083812,0.5138204394164918,0.5076218334045082,0.5075764896686332,0.5000433112462802,0.5177817924905636,0.5008202882690932,0.5175625725934696,0.4925704389278203,0.4800438298178473,0.4943563685801423,0.5002872179709374,0.5170974492275298,0.5112803287216825,0.5265204766919959,0.5154387743424952,0.5105536354284161,0.5000719448566129,0.5146334738366172,0.5624259962080934,0.5183203942845949,0.5137286406825058,0.507862020474397,0.5079243483505598,0.50318053105583,0.5332824913820831,0.5059001883742539,0.5125387227747841,0.5198717142845887,0.5318010748867621,0.5091114467884496,0.5021341717657622,0.4991547390011796,0.5214096608755857,0.4992952985667525,0.5084370038648227,0.5058338580234936,0.4930355744156147,0.5035421553204515,0.5172355600971063,0.520882024436427,0.524263484414915,0.4920809772137634,0.5047175278942984,0.5151726696824974,0.5102146888942842,0.5126345248756137,0.5054725781075767,0.5161900227694579,0.5186377173782151,0.5324996327672626,0.4900659193695702,0.5005627963102524,0.4863236307865758,0.4945498892898811,0.5136538924316587,0.521417454165004,0.5095816353959972,0.5107899272059313,0.5208944087389982,0.5384541824815856,0.5232638626484298,0.5213434641192023,0.492717179915052,0.5151193529801478,0.5088630842985731,0.5103747008663063,0.511052138378059,0.5142276339310801,0.4972776701896661,0.5155014174844293,0.525456524363779,0.49331576999822496,0.5158971797592988,0.4959996932054362,0.5037831102707354,0.4998278701416233,0.484098621291914,0.5036579931761352,0.5028065992024132,0.5023690616014567,0.519686212573244,0.5212479302888909,0.5064651975428526,0.5077039571954632,0.5059237027839608,0.5083074015700687,0.5037821311800407,0.5020274883308344,0.512125681275068,0.5082919622728826,0.5167578011963637,0.5127118378255768,0.5032428799822775,0.5133825343730493,0.5169595141108706,0.5005744981187921,0.5094383311451521,0.4898380659766777,0.5310830556066752,0.4920950652168951,0.5135448903088056,0.4953499148946838,0.4405803014113393,0.4984850506491384,0.5281489987247932,0.5131506503302996,0.5137094141346362,0.5202898541611388,0.4842959844590069,0.4916953335239401,0.5092707467411687,0.492948480025198,0.5085601449009879,0.5086532807642977,0.4936237808692541,0.4606309865298341,0.4950595456556217,0.4985367723998746,0.5111054001734461,0.5153589166375858,0.5089615034438666,0.5091750047064354,0.5103567538024564,0.4829026705232419,0.4930800185049565,0.4976784442319459,0.4915256922136901,0.5173077344362091,0.5075400820795298,0.5366600152916035,0.5047514199279373,0.531114970622313,0.5187776125050525,0.4932723130519039,0.5506363565450314,0.5353593868434015,0.5324253813833171,0.5518829784500348,0.5027562335801893,0.5055020289790351,0.5322211672480666,0.5065183194244128,0.5317000016458491,0.5152934534752539,0.5091499293769438,0.5463967373085179,0.5118094674065039,0.4918628088314155,0.5267208853914711,0.5039077296554465,0.5239396226550771,0.5122076724019294,0.4974893914268909,0.5123231469861993,0.5039804345730865,0.5198690088504221,0.5014527365121954,0.4952581851600928,0.5012233445471481,0.4959813249789312,0.5169778207216186,0.4956065343734229,0.4993141177944064,0.4986702675558907,0.5170959313742775,0.4932068037890027,0.4922199015928185,0.5330419689391335,0.4943077751201832,0.5043291736045121,0.5106149842179467,0.5116430026285922,0.4951230926175426,0.519100645598288,0.5287231539956403,0.5233264430938973,0.4944890120131947,0.5244296479591501,0.5140289213335957,0.5015653937214742,0.50983517944644,0.4988922034661269,0.5023082155196325,0.5142062504983783,0.5417833329297602,0.5230679669865279,0.5638742218064282,0.4998582170263295,0.4921660609998697,0.4928002347599827,0.5068446438004376,0.5216951966930721,0.5040473046223124,0.4970948471846674,0.5256461698256556,0.5247667241519268,0.4795626174886117,0.5210443359510647
2007-11-08,0.5028064570956605,0.5030471939779113,0.5423562711325409,0.5296907869106502,0.4915075759436312,0.5327400594498537,0.4991689598582236,0.5188142859638336,0.5119056733329228,0.4985149609643542,0.517495065294857,0.4905727706916906,0.4956271441433445,0.5121512400791116,0.5056001981404442,0.4797369944900831,0.5032470085468228,0.5080525027208861,0.5033870240740281,0.4705049019473197,0.4813143501534281,0.5287775168496407,0.5152579456131067,0.4888330168465061,0.5069232729072388,0.4991449706206632,0.4902847438309267,0.5026560086615302,0.5058917545233339,0.5223142946813206,0.5117593427002914,0.4790995037838174,0.5071325841322438,0.5249630838852036,0.4960770248399606,0.5335592313100803,0.5180465423954124,0.5035494197320799,0.5164369243315701,0.5270850703754605,0.4944581804677452,0.4979983962292897,0.5153938961832435,0.5160472308018421,0.5018143748969862,0.5223226245647945,0.5178491218099028,0.5125668901143633,0.4902995983465154,0.5011006615776307,0.5092776024956049,0.5076494522542718,0.5114054701384579,0.5073994907936832,0.5019701048455704,0.5419657052576697,0.5058127747676489,0.5446257957343962,0.4895728398127129,0.5252794783725799,0.519296127657526,0.496771538836713,0.4746104917198897,0.5122204839662563,0.4995102652405948,0.5135710535190231,0.5368871801504173,0.5069873477576732,0.4712103128349336,0.5206592962896861,0.5239553777408641,0.5103772273969738,0.5287251079899369,0.5195911958939963,0.4942949970034428,0.5040087555957288,0.5110551179302589,0.5106806891320647,0.5060272661457588,0.4945041485053798,0.484175224642392,0.5014069741629122,0.5156327386556337,0.4718555732548965,0.4950464103420842,0.5190003648149476,0.5113836055235711,0.5293779464299138,0.4913608904918057,0.5003013445408889,0.5113341051904203,0.4978161321533902,0.5219349508184198,0.5059869343220141,0.5098508129066774,0.4880489751619851,0.5041068147968246,0.5375485482307749,0.5239771835702044,0.4958497717563638,0.5064163507180379,0.4958014031702722,0.5065734480833051,0.4995177855108024,0.5025007827278385,0.5216985138028357,0.4998413220450637,0.5115460744391725,0.4996356649934364,0.5043554568042871,0.5104867034147132,0.496276876880742,0.5192055608325762,0.5125942761280494,0.5267587416162893,0.5216685294548954,0.5342844757063592,0.5125806962069079,0.4946592807822902,0.5047884714227833,0.5094463946192516,0.4752153767455385,0.5260023073129587,0.4968107119313656,0.5299924618970505,0.4919117325865591,0.5054797569220344,0.5160590329865943,0.5051474797231796,0.5348476935112753,0.5353372622975495,0.4970456625398654,0.5162091902623748,0.5099271084272214,0.5208682992092639,0.4953836865373071,0.5138427845464447,0.4876958101659398,0.5063803541037191,0.5116916333259761,0.4806217278306116,0.4977304063611978,0.5003973085749253,0.5107922168607572,0.5066963930758523,0.5013905013079814,0.5014073358362949,0.5352190775870064,0.5067235496821513,0.5237051581474651,0.5148684318673589,0.4998064427869386,0.5028146619904517,0.4976550916232267,0.5391318577160819,0.5152460405435524,0.5241055264557973,0.4968074411199189,0.5497420303727978,0.4975797204579668,0.5027262866868683,0.4950029271609615,0.4971558693753162,0.4940312457623903,0.5426335830192749,0.5349669545914061,0.5316782711142994,0.5357751498162734,0.5001659656110796,0.5278498140163393,0.4923599087085378,0.5066760357258484,0.5056870472459744,0.5086772072562324,0.5019030442051516,0.4672822198809128,0.4934745173865453,0.5076494522542718,0.5136946980495346,0.4848340780134176,0.4989970010454378,0.5270464244162726,0.5002682094631954,0.4965985460712854,0.5035633469308025,0.5241735697282227,0.5360045042430924,0.5148560853762011,0.4971629182693938,0.5020474592319795,0.5065034690089429,0.4966473692023329,0.5227393864966071,0.5036212407732003,0.5064182765162305,0.5277842538107367,0.4968232584699081,0.5062407885653424,0.5074271600224609,0.5032370196532108,0.4866818958296524,0.5331410470982728,0.5009014737929498,0.5352121701928234,0.5104575072343551,0.4955708988289415,0.5015044428003023,0.500781532018184,0.5032379516473536,0.50615178878651,0.5240883293942158,0.5101673961833321,0.5132550499556348,0.4915583089330492,0.4813990459400638,0.5288632769121316,0.5292173297866938,0.521161760525936,0.5083267660167894,0.4912458703342572,0.5009776153506617,0.5256233103444842,0.5215373030194566,0.5095762891987033,0.4855497839211035,0.535831510041335,0.4857433721672508,0.5375486857446184,0.4996529040220815,0.4891076781373316,0.4813304989900038,0.4990658607721749,0.489814134741448,0.505921997292448,0.5026896972914385,0.4927887975166806,0.5263043822381028,0.492171351904791,0.4965223831323813,0.5139702937516089,0.4799296694788943,0.5045140442953947,0.4934091255233252,0.4985210032623635,0.5062710247002246,0.53107735834155,0.5122550991305321,0.5080795907090988,0.5192088534623287,0.5398995161710862,0.5318729056445729,0.5052623919319882,0.5176891311488139,0.5263821536405123,0.5028302476949168,0.5341924047548318,0.5005183751571427,0.5066223936771017,0.5176024985370562,0.4986083309600045,0.5064869009471138,0.5188917780054891,0.5018286538511747,0.5325414252831049,0.5007697547098524,0.5106896039620877,0.5199146465709499,0.5102880113536021,0.5089019534714463,0.4693661880614812,0.5035985713014868,0.526117637327234,0.5318530368482299,0.5054353899643718,0.5167025672116636,0.5128072269353877,0.518043772201472,0.5167724449634741,0.4912092878684227,0.4900154569159115,0.5102433097015371,0.4935361504989549,0.4985298068228341,0.4754424722948538,0.5192361996390131,0.522377604796619,0.5172220318142241,0.5198875282708414,0.509867680153125,0.5119977181576979,0.4537122430852191,0.5133021127429692,0.5039444977909844,0.5245799055857845,0.4937681182809608,0.5115368308743211,0.4846052049105736,0.5118985670720568,0.5086229233457541,0.5127422912141404,0.5249062407108837,0.5135945968741618,0.4967346572175442,0.5155992979253883,0.5104895982738137,0.5005770710916976,0.4866888911155645,0.504600330945839,0.4975858951529236,0.4928999844111715,0.4854000047768356,0.4795084165422604,0.5308933914516126,0.5324982669389674,0.5121385518964987,0.501600446528204,0.5108973305063029,0.4946744483584003,0.525706657187656,0.4868787020563369,0.5062116515221509,0.4936556396743549,0.5042821853157141,0.5121625510541442,0.5346526690543255,0.50105981542278,0.5405123936648218,0.505426126169909,0.5225102939064031,0.5018540523181516,0.5119800131709006,0.4951111801814405,0.5185877417492442,0.4776897660083534,0.5243624757159145,0.4979790418435518,0.492823776629415,0.5186229947417392,0.520587786459571,0.5149292082381804,0.5395929004128012,0.5361198731156462,0.5034567617396326,0.5098337823798443,0.5256257266989237,0.4992088345428996,0.5037347161368966,0.5076037900436139,0.5231290257479428,0.5231818957542076,0.5152398294834911,0.5143466139779861,0.5109823921859645,0.5107228960839009,0.5160888371194363,0.4992315078186179,0.5035617899784108,0.4949797552576677,0.5383383050559241,0.535486633872474,0.5505161410357189,0.5265070473029507,0.5181790891984126,0.4916559664997321,0.5009239884681079
2007-11-09,0.5055272475790346,0.5046105851559554,0.5068595985555376,0.5010612832853683,0.4891197421262756,0.5084193597211383,0.4916271325950397,0.5182669544606533,0.5170730586919071,0.5144432167587826,0.5361251433578151,0.4936597461869,0.4925157784499162,0.5023234501573703,0.5092553912604959,0.4831638909299936,0.5223563665002267,0.5108561991615383,0.5131582262582277,0.4788110954512606,0.493195685922701,0.4887744105330092,0.5073606843544671,0.5066221596204288,0.498018385129241,0.5183457046544308,0.498829611411725,0.4979437856831143,0.5131787264223376,0.4999532119960293,0.5061672264517669,0.5130210006473847,0.5052684935151507,0.5175601165014382,0.4881434576845467,0.5058680290946941,0.4953119028241178,0.5035079323285158,0.5029920577437602,0.5298319380437836,0.5212796710479345,0.482511467700054,0.5017891415148417,0.5087587698017589,0.4630832699513103,0.510890169749894,0.5004639457363801,0.5008977357415759,0.5270846503518509,0.4891108661265053,0.5143940182151067,0.5092271916915606,0.5059004341802376,0.5106018117274811,0.4917630361717304,0.4885991752773083,0.4833021054546842,0.5149065383938001,0.5020357547885931,0.4976776292048829,0.4865252262819898,0.5206771577300959,0.4910546159257432,0.5112275100382693,0.4968994621842162,0.4923483443371863,0.5142994337732917,0.5057948605040715,0.4933372731577255,0.4991658106274324,0.5174951798648808,0.5090369821935309,0.5053720554581993,0.5298857961906713,0.4899499232208782,0.5177769745239824,0.4934824753243899,0.5001970986953886,0.487625200958311,0.4967861015916673,0.4999554775792072,0.4978629451007653,0.5112760736822541,0.4714053504109729,0.5063616123281066,0.5052109203831671,0.508224964976382,0.4950100211733872,0.4942594351403175,0.5042433639815136,0.5139497258277557,0.4840382311536498,0.4973416933564653,0.5232737849131851,0.4950119145050016,0.5059407138946235,0.5151838698339882,0.4950790837543994,0.5202330384001038,0.4953770886930744,0.5092367133688961,0.5013199280961256,0.4893705670989776,0.4947579735008278,0.501937705249651,0.490629236624836,0.4917564045918979,0.5029769636024609,0.5092667736623403,0.4998662795631334,0.5225746049269507,0.5090932362214986,0.5037359594479641,0.4908482739696714,0.5076804378347165,0.5016189677485153,0.5063761299061289,0.5094991450457075,0.4943537344914034,0.5027024147508253,0.4912201299541392,0.4610960005246758,0.4945762649709117,0.5049857838439794,0.5088742105611227,0.5134529939404616,0.5004402585188317,0.5334989170077862,0.4918996557576253,0.5042563792852472,0.5034277364328981,0.5020953679986758,0.5107232280738242,0.4931254038949909,0.4986065855168522,0.4935729726802401,0.5110419651955189,0.4980287191162819,0.49701902381161295,0.5042373964430977,0.5166359136162858,0.5022124922884086,0.5091982859532791,0.520647172906935,0.4955990340168675,0.4949568428531745,0.4999897421893815,0.5339390531677005,0.4912708359212157,0.5083967463171496,0.5052670656752769,0.5188106791903389,0.4908151303022728,0.4969722082006539,0.5060067809327623,0.5145169965085612,0.5212889418165542,0.5135844189589697,0.5113859232928644,0.5005830018669191,0.4937381550125038,0.5170250888128609,0.4936394708214595,0.4928350837585986,0.5031982993423462,0.4955162514757591,0.5006722637929675,0.500007733492376,0.5111285200070202,0.5191851637001645,0.5030807180639396,0.515107440012905,0.5221754051582526,0.4961702974926524,0.5001105840826142,0.5160425508887917,0.5110857019233355,0.5092271916915606,0.4864085075004805,0.5179002245479521,0.5382531263426249,0.5271477498738681,0.4961193418725159,0.505482591374559,0.5018054940086313,0.5194589878647081,0.5227190395298574,0.5450576460452445,0.5221036995079139,0.4966194419126858,0.5029500924230932,0.5048943318577933,0.501341305927396,0.5071296103936994,0.50118794769694,0.5137578075102052,0.5146388095838357,0.4826766309013522,0.5138451272881428,0.4836308213626043,0.5022275927410421,0.509787688476911,0.5133392508581107,0.4964165062853633,0.4959298541009412,0.5098070579067382,0.5022613530916566,0.4896229348156058,0.4873114357973652,0.5046883168311794,0.492285422725693,0.5078169666163349,0.5150154370466472,0.5424344268132678,0.5078374034956978,0.5159716527411915,0.4838300147636873,0.4976494322428756,0.5181854451756683,0.4964290820968865,0.5012771430753779,0.4947970102457251,0.5142318403202346,0.5196431760972762,0.4941063238757643,0.5003516009763295,0.4926321096398254,0.4790795164409396,0.4879604263923974,0.4939486968838894,0.5008470486304177,0.5049813408189492,0.4884519443590074,0.5022971702056391,0.513247124585708,0.5315361786121514,0.5109755856398063,0.5224671394295834,0.49834745552551596,0.5020035557675275,0.506393347007813,0.5067858040577214,0.4962448402257334,0.504304799106906,0.4929441870739083,0.5020412025736743,0.5021319827530071,0.4975897079134585,0.4947909742002562,0.4986006603903751,0.5011976817129576,0.5015064856768332,0.5189270550809588,0.5077814254567969,0.4886977736410706,0.4918996760596985,0.4911128185478086,0.5037251258376436,0.5109958277751537,0.4979282350958953,0.5042334959998657,0.5077638331112408,0.4875994721664964,0.5013767307438985,0.4941852592972175,0.4957145554974275,0.5104487601242074,0.5255726045844067,0.5084881500609966,0.4917923416623174,0.4991950638144974,0.5107941145808204,0.5039807111869989,0.4991954012170242,0.510623080098752,0.5016753143593585,0.4927450429749658,0.4992956295474678,0.4956135593859732,0.4832229107903533,0.5102967208458664,0.5231456218297056,0.5180958706066201,0.5144740684794498,0.5133677646611451,0.4905800901658974,0.4982297547327446,0.5153822965364293,0.4993933772393555,0.5383001114580057,0.4929703256798327,0.4895573805440201,0.5258034479820961,0.4908441941960121,0.4908237108420314,0.5203793195858516,0.5096834028466292,0.5227853443286158,0.524168477746847,0.4947372466553545,0.5154468614542291,0.5132242490288843,0.5248585729241705,0.4973173699642034,0.532535938642071,0.5201477133226329,0.5011009002462767,0.5146347332773076,0.4871395071454137,0.4866576623745595,0.4850965426298993,0.4978038016042263,0.5043672450020149,0.5102718660752861,0.5018299654639093,0.5120676776328857,0.5166402049031693,0.496833393391964,0.5139527161006221,0.5073770611256216,0.5151007689863871,0.5079671423366634,0.4919799019777137,0.52312097299989,0.4985343200005814,0.5092214314408197,0.5050176928454658,0.5083145803089234,0.4942527522192309,0.491814410407011,0.4850051824268013,0.4935257440897901,0.5147112677827871,0.5073244358589738,0.4920309913915338,0.4904272086188148,0.5180970859225217,0.5190918925451744,0.5298644623229142,0.5001347061583401,0.4967220626878505,0.5099093257559508,0.4925556531281906,0.495524639905883,0.48977592892252,0.5084390044143267,0.4673575956744423,0.5056556091466309,0.5071235353853746,0.5029173470388751,0.4949524927987816,0.5025124882426835,0.4874281540760973,0.5007580163468417,0.5013591126151178,0.5205797751797471,0.492424264492202,0.4979350272647395,0.5182379821233414,0.5165031919990358,0.5029307824280611,0.5086483351508841,0.5287258510202683,0.4939641399905063,0.5029541626159039
2007-11-12,0.4932260917091884,0.4936539167516214,0.5128616475425093,0.5047285893104275,0.4902764435707062,0.5244847604894307,0.5077009056290809,0.5074521973349426,0.5100247804374749,0.5133333463318503,0.5132356880810202,0.5043456760813494,0.4931005115880849,0.4955911264380314,0.5067583330982355,0.4828682669371616,0.5213716867687517,0.5075237938459972,0.5050952068342309,0.4914406262518977,0.51272278019999,0.5159646420890635,0.5024322827497015,0.5315809240156194,0.5045754328434421,0.5067783268600882,0.5109352522008352,0.4905039759512487,0.5246641691592859,0.5005657501031174,0.4938420930616183,0.5303324180563883,0.4939343941209995,0.5365601770230014,0.4870112540097688,0.4976942900509989,0.5076692992727757,0.5040451074375014,0.4842391435909025,0.5443275246394886,0.4741594415552962,0.48028004995205104,0.5111638059370218,0.5173057627574054,0.480760491283361,0.5108555055298316,0.512288430058814,0.5039472854668698,0.5191365580865012,0.4938918062586156,0.5083251219697296,0.5030730979354391,0.5057860591561787,0.5226583550629769,0.4953871662541967,0.491486612876311,0.5088244433369684,0.5305751125972842,0.4925646620445554,0.5107706060835437,0.5200818516397206,0.5071176738092882,0.4772237370014878,0.4964611542435452,0.5056761700028315,0.5133887315038317,0.5098008031522566,0.5201529770936938,0.504434057881292,0.5087163482463092,0.52875776299882,0.4792851150594204,0.5100124214304215,0.5297866720599644,0.493419393026914,0.5202463717154807,0.4992299542262539,0.5181115545154779,0.4965392727578248,0.4924017126838832,0.496668756717568,0.5017368823082153,0.5069995698096289,0.499681386923821,0.5085864063260576,0.5245140662493819,0.5179714209485985,0.5082473040833225,0.4998339403531277,0.5131769169293954,0.5156449998724076,0.5206725153406402,0.5163501605002145,0.5062532150217905,0.5152119023993224,0.5008435172181416,0.5234948871991313,0.5025562733852598,0.5045804337072409,0.5170715744815061,0.501842211400923,0.506980679041337,0.4721872899072971,0.5024935990653323,0.4882327498302635,0.5254937643672691,0.5091216866954578,0.5187433494531944,0.5076124174353486,0.5212192179249293,0.5098448257162129,0.5429811931101796,0.5152276749507315,0.4916005577972654,0.4821689991219361,0.5010843003247054,0.5388227066894101,0.5265187611933912,0.5009455433843876,0.5158150959410863,0.497108377094485,0.5054143507467418,0.4905615077741218,0.500025043857349,0.5291517301891616,0.5047712979321292,0.4985636033875484,0.5143841449027141,0.5101093938047446,0.5162463889686951,0.5128928234102085,0.5179546994133867,0.4989600904154211,0.4714040624736341,0.4926067397901544,0.5001321072583754,0.4850266299135436,0.5018491597220229,0.5044859677033029,0.5066317748722151,0.4916539382581767,0.5345377051813185,0.5057068619100283,0.5133078128469422,0.5042398639074449,0.5052881073495752,0.5096142886873885,0.4811350854214515,0.4857526647576095,0.527027949467789,0.5147509762629389,0.5287493297841739,0.4905703665520568,0.5170628258297243,0.5087774322770262,0.5150998938562354,0.5090057505638963,0.4985204687496638,0.5039878678516025,0.4720913657213622,0.4997803286582775,0.4991684147383345,0.4926992292324953,0.4702816928323727,0.5311378383570609,0.5223685154279728,0.5251785848191745,0.5148902104675684,0.5053156470032001,0.5026414336218614,0.4812769237551522,0.5086830431208035,0.5201220238749199,0.4969819818834692,0.5025694936239861,0.493456033074156,0.5177781438719359,0.5030730979354391,0.5026452537249941,0.4898628085679638,0.5089548332409802,0.5173574588682047,0.4951345091720298,0.4960338574831243,0.4908007735650336,0.5121350992753645,0.5437848691283281,0.5156700860033777,0.5174033174806291,0.474435845495824,0.5078171270817313,0.5203010741248087,0.5093130652255287,0.5165650000903957,0.5096671686037039,0.5212135156013139,0.4904298447986128,0.4808713514982487,0.5432693022043884,0.4951431500751876,0.5092534682323084,0.4877084210820609,0.5121603711829665,0.531709372070993,0.5130507359615685,0.5176808984889235,0.4875595168759033,0.4936173758662562,0.5037841401740076,0.5135223650341262,0.4810302015194832,0.5133979811972628,0.4976090910857437,0.4950438728124855,0.4863448995617776,0.5030727801923859,0.5220071192443579,0.499219362276948,0.5067034955496599,0.4995555211792019,0.503635979991932,0.5049343483005964,0.5284689704061162,0.5141818111369237,0.4978563529093317,0.5105534979360317,0.4841067886274647,0.5059336758322239,0.5095342246688329,0.4975105487288101,0.5190935938756476,0.5069117180649292,0.4937348364477043,0.5108167040908854,0.5272105661666605,0.5126163063133444,0.5046399623141355,0.4879367679042305,0.4951980472154932,0.4900529086674643,0.5078211999398493,0.4905893429754139,0.4968681723499871,0.5123998225420737,0.4752995259004843,0.4653478031658312,0.5101309635843521,0.5290478989054899,0.5039940557154129,0.5299611149244006,0.5388307902184024,0.4843874932035464,0.5103619239593546,0.5101089980034584,0.5086457403914328,0.5268022632524795,0.5048149927431375,0.5064611345955159,0.5100176646338819,0.4969053425882588,0.5109579515285211,0.4995312784191961,0.5063344131636812,0.5235471707122906,0.494444254474209,0.5048518694012294,0.5127491868460489,0.5335796728609462,0.5026012139275934,0.4797435656010756,0.5121415679755776,0.5044382537128628,0.5002177614972985,0.4912306681362206,0.4965971520038268,0.5157095577265295,0.5320733120067381,0.5170991720747202,0.4998969554506338,0.49053941046061406,0.5013198015305903,0.5421816470667943,0.5031233721586739,0.5065462524440718,0.5305759740208854,0.4923431053947662,0.5321652936249153,0.5288335248445969,0.5148495627065179,0.5235577203898545,0.497274821563727,0.4817850732377125,0.5235649413497108,0.5524785797638686,0.4935893612581193,0.5344808419339492,0.4892339406722064,0.5045099283413547,0.5040457468817597,0.5322603648182991,0.4977558627794976,0.4980585133509713,0.4894526272197596,0.4962083901087138,0.4895658708980705,0.5163895984971273,0.4688680437970546,0.5353200127096421,0.5022005636667449,0.5181380947902496,0.4996855470113159,0.5009875610154271,0.5026726266898035,0.5055463602253588,0.5132547429630189,0.5180795573932374,0.5070684410764861,0.5108626517832214,0.5072817921707816,0.4975567362563733,0.5051958151175105,0.4963903133497184,0.507144750672696,0.491804459907955,0.5257520642270987,0.5284603726277257,0.5182174875383626,0.5096567707826435,0.5059653714268609,0.5109603710151239,0.5056095976162441,0.4912054257972762,0.5227816229568577,0.5079128327072627,0.5216707308312358,0.496419775777485,0.4876152208222341,0.5355665038203608,0.5233762710470928,0.4960980553454531,0.5233368838390499,0.5039264858936576,0.5058178931146046,0.488597722608049,0.5125360559405644,0.4964979794575092,0.5032048358304163,0.5206798958920424,0.4879086959628428,0.4963941130301022,0.4917355117122659,0.4958128434654284,0.4862695359819253,0.4967730712907843,0.5039258250307783,0.5216113599425389,0.4919591220540184,0.5065129744897348,0.4790902343369046,0.5261603327545377,0.5114720931854008,0.5203885313787925,0.5077054501769885,0.4981615416377225,0.5096567421737043
2007-11-13,0.4996884617742504,0.4879393223232718,0.5024707362125876,0.4704683118204059,0.4673301365844178,0.4846166790064565,0.4836934903099122,0.482938337668212,0.4975570060166709,0.4818868297663745,0.465900440942683,0.4959505601633187,0.5033458111536164,0.4993337913378984,0.4821133660756386,0.4826861746127776,0.4994826873881968,0.4941455838753016,0.4823760154417258,0.4879647332982465,0.4833648367526649,0.490170005863237,0.4894129294460271,0.507365878557324,0.49602317780409,0.4983396144562405,0.4926856846044433,0.4647470188736824,0.4852920220603268,0.4637155651802983,0.5042419367927461,0.4829117480916292,0.4953493952712925,0.5039262799029216,0.4852281561691996,0.5116723539941999,0.4656840892913599,0.4969670582821217,0.474107577244515,0.4934203160172844,0.4876657868384308,0.4907244830140297,0.5026425816505298,0.4828027831830825,0.4774265431628828,0.4988282662854345,0.5068820897403858,0.4967522221725281,0.4936813563313035,0.4909053988947283,0.5014494881902387,0.4977615600235681,0.4792195299819842,0.4989934357880416,0.4730991373942923,0.5303763095488581,0.4817710895203554,0.4976345402516156,0.4948382282577967,0.4864837284162638,0.5050115886461746,0.5010072965267155,0.4850606048132222,0.4985798579359168,0.4980293319072545,0.4915276960954346,0.5139723817388596,0.4969756789584188,0.5007866804827835,0.4795847447033033,0.4966522764437847,0.4796304934371878,0.4775724074520231,0.4989133086383715,0.4881263966528501,0.5054032537573268,0.4871695924214518,0.4769979945068168,0.5060869356912034,0.4803526798711831,0.4879691796639045,0.4863906672400519,0.4806291246573943,0.5034365027568619,0.4766260642134196,0.4889230642445197,0.4631223150724126,0.4922147702076201,0.4760290165417663,0.4915587255431154,0.512693965918874,0.5014926312086757,0.490574047665413,0.505028310893988,0.475914218121921,0.4877049964202108,0.4794684597685812,0.4879228029863396,0.47834028794657,0.4999511543579142,0.4881177050807638,0.5004252636337998,0.4784493307993753,0.4886253362323455,0.5023253551621546,0.4953664867792145,0.4946768316261898,0.4947634418439736,0.4870347364876555,0.4839143163932532,0.4883812766942806,0.4862422960052908,0.5041503468560535,0.4931273062051533,0.4960228619754337,0.4779349743759578,0.5025378100089565,0.4835296366757255,0.4780060977945335,0.4985248370352627,0.4730300004564871,0.48958423788787,0.4758413770551546,0.4704696460029871,0.4841397095462725,0.4915493543625462,0.4759110241413012,0.4854623229038765,0.4707557566353221,0.5039701870965407,0.4981505671249874,0.4901666948396191,0.4736880442893955,0.5052109890044073,0.4623450701870445,0.4734594535785802,0.4634841152915845,0.5120426679403907,0.4701076452639808,0.4822842627698709,0.4842899752751327,0.5007723091395414,0.4853796165630379,0.5165934427034709,0.4808676772902546,0.4950290196772189,0.4991403984431265,0.4668006705870915,0.470741825519127,0.4627883848232109,0.5077930666396068,0.4864367216095581,0.4924055308639192,0.4979515511406567,0.4997362381801557,0.4950738743243097,0.4955020006266661,0.4982438864630884,0.4463414482320968,0.5137802354514304,0.4727447377948702,0.5027679797389397,0.4933686952973052,0.4746895060468758,0.5001256221880427,0.4894732117405458,0.4961159242878477,0.4936729910712441,0.4960752732022982,0.4952433121561266,0.5071541142082353,0.4830159372417734,0.5127298139979826,0.4720903321134694,0.4882301204789806,0.4845695022047504,0.4874929335402182,0.4977615600235681,0.4878261237294598,0.4808139896518962,0.5001103605649059,0.5000604286940821,0.4902601598096186,0.4688386712727015,0.4684946578314924,0.4788803149132672,0.5132110354103444,0.4976703806527848,0.5038908494900642,0.4826454992617879,0.4971856389890563,0.512428287105668,0.4807749766059766,0.4899805279147477,0.502055763655784,0.4864875430032357,0.5078013428862778,0.4919789353023381,0.4677910180051156,0.4890295929464468,0.4744145103437388,0.4786872180979588,0.4890812037314606,0.4741071975387275,0.495260549475401,0.4903792202306484,0.4921211731678747,0.4763649973729303,0.4759343918527784,0.4926778482249767,0.5115994064660122,0.469684093793127,0.4922174464244936,0.5020368537192346,0.4815626335987877,0.4888428631622577,0.5029548439471035,0.4901089858353828,0.5130657905199123,0.4921777689421679,0.4954241129625784,0.49277399955339296,0.4995070343183196,0.4903912392156234,0.4894838570450045,0.4619744702312278,0.4866122766027014,0.505619155899539,0.48148001165380394,0.5020503764917381,0.4933504461279141,0.4836108793037624,0.4761754501084003,0.4956520814700509,0.5263293084299322,0.4859046534864328,0.4800294674647995,0.4856732238377012,0.4925623416623873,0.4793377318830646,0.4999553897311681,0.4925685848606212,0.4934258803431406,0.4988478399023979,0.4830532613110359,0.5002117371519132,0.4984943826113242,0.493207218768498,0.4792105022450971,0.5353291165369635,0.4885171496881405,0.48521782239012207,0.4677650723621992,0.4590938155547203,0.48468867175390007,0.5103897278541251,0.49394679718236,0.4813700620790097,0.4739331822845736,0.4814027414250398,0.4989452415450466,0.4700291383976843,0.4816407940902674,0.4806272044274159,0.4774332279141379,0.5210772818962223,0.4859880155021686,0.5023020632657211,0.4878979231125808,0.4718827720841851,0.4880767158966861,0.4854541880619203,0.4902220158489232,0.45052060649325604,0.5055213472571194,0.4890231978074127,0.5024508673802676,0.4909520302155087,0.4854810638902925,0.4886559484380771,0.4936260940725923,0.4802746816680468,0.4709730450910102,0.4817310977194664,0.4735884636243476,0.5058233912982263,0.4828301930615188,0.4813206134189079,0.4775986270927183,0.4790636635289942,0.4708061212670564,0.4710034022420087,0.4917147080453845,0.4507514830775826,0.502275668502625,0.5272415441345055,0.5049243317567949,0.4744783600897869,0.4831117253225697,0.4796070467276896,0.4928634645454579,0.4858928638281018,0.5049350795157133,0.5069469845179319,0.501325293623118,0.4851897043215341,0.4841667560829427,0.4885974443178688,0.4965686122542767,0.472316280226316,0.4865953246590379,0.5056439430682949,0.4903880684468611,0.4962124942439161,0.4741491739828118,0.4722535651349182,0.4727570784225445,0.4990903836307071,0.4898520590373754,0.4828759022876124,0.4893305447907418,0.4858860369457248,0.5007194676067049,0.4704347139682694,0.4993789873993996,0.4917220661847586,0.4916810382179236,0.4953607618542579,0.5071285067739271,0.4927425546098282,0.4918257929166408,0.4459769897924431,0.487797769766048,0.4774259712847168,0.4798816702191653,0.488780898786761,0.4954176944712918,0.4746118902420404,0.4648918438609066,0.485725945517716,0.500033715908125,0.4842685577096607,0.4940116977886591,0.4909380861363098,0.489591667856934,0.4814471588550205,0.4872556247114687,0.4984650821147313,0.4613693515483558,0.4873514750128445,0.5046003299802839,0.5029069505740807,0.5119564088298141,0.4769127873067016,0.4860160413995436,0.500727534393532,0.485126945335838,0.4933799773163773,0.4769068917719596,0.4910933894941193,0.4980139198887921,0.495682092506845,0.4835318716127143,0.5242151598478527,0.4810820143593442
2007-11-14,0.5029298627336409,0.5189825841611467,0.4924475299743025,0.5128020770787881,0.5026106200840911,0.5176362200168528,0.4993087563521236,0.4886741657394833,0.4927638528807342,0.5073017341231647,0.5048098849743046,0.498837104054462,0.50640157842121,0.5025660127712481,0.5173399868623604,0.4704398565201874,0.5090885736785022,0.4872368059095096,0.5099754439119795,0.4937641068519844,0.5004384226329927,0.5175602165382178,0.5150853806954492,0.5129833597652113,0.4979949725541466,0.5059178748339306,0.5208126753517612,0.4876365085491727,0.4848083509765262,0.5202196460738873,0.5039948820137942,0.4950822337146503,0.4865245205723102,0.5029935966972038,0.4918015660446853,0.5022895610840845,0.4958645189808942,0.5158155923048375,0.5085900239422442,0.5029216413542893,0.52289426172951,0.4799567160277743,0.4963614211780931,0.4952747274496049,0.5008178459696744,0.4986873262412194,0.4930105594332406,0.5028712349376091,0.5079407836889224,0.4996128123160343,0.5048897272593763,0.4912842769538594,0.4923147246558218,0.508895382768749,0.5099205036653159,0.5023208675665999,0.4865151908337808,0.5120669691207343,0.5075122040486808,0.5077419012459473,0.5086800636878915,0.5043817895911206,0.4950968964604504,0.5110018157544389,0.4947434556211168,0.5188707695887341,0.5143882485519479,0.5133928729672356,0.4973546205647812,0.49787970855552505,0.5056304045651536,0.5121525126025627,0.4975794883045857,0.5213307800949117,0.4879765044627921,0.4947949768824105,0.5095473787426851,0.5110515317719111,0.4991887887584757,0.5008212986461439,0.5057858783477048,0.4843363055448961,0.5033049468485754,0.5038922705569525,0.5011058632964321,0.5231158247927342,0.5008384874025175,0.5002613070859097,0.5078341062644781,0.5126428109875255,0.5087575866984932,0.4993803227552028,0.5061033941973234,0.5309353859841708,0.5069244000991795,0.4964893984981466,0.5046796224240471,0.4804384625375577,0.5212132100490304,0.5150560162619228,0.5069705592656859,0.5079024496910829,0.483683288942961,0.4921502007543819,0.4868351048974903,0.509172727403745,0.5014831156046837,0.5041622609580608,0.4837073763629202,0.5112233322816303,0.4813611178217405,0.5125220198447162,0.5089756167042646,0.5000796715052807,0.5186044275330858,0.4796625185414931,0.5277571706712778,0.5056716573833443,0.4974088006926857,0.5082187772392244,0.5178288741989967,0.4930747300740564,0.4785714407247358,0.5000369209866463,0.4906275413740872,0.5105846755857029,0.4895255850510207,0.4826379568643748,0.494998876943049,0.520912347157862,0.5138482370546347,0.4916110589874869,0.4851173866580223,0.5038850727731947,0.5052326513304713,0.4994587687585504,0.4402135649981693,0.5109606740471263,0.5130391687501833,0.4935624632872627,0.5020460175634287,0.5390690456975261,0.5244229931795469,0.5105251605685186,0.5056674183913565,0.4798434283584273,0.5134205993337676,0.5452436119302353,0.4931850932801617,0.5071539283597695,0.5129218815592581,0.4950824171543346,0.4981574601146133,0.4967433457760201,0.5043916678700855,0.5274578837495401,0.4791840692308265,0.4927786562694684,0.518624525534392,0.4819234110032536,0.4997003409455255,0.4834855527324399,0.4989339642471104,0.5026378732628209,0.5153463563323626,0.5071999814591774,0.4950592427009911,0.5091338460066404,0.5103037126812169,0.4973199510445973,0.5381690686560112,0.4968416980943894,0.5003418481012313,0.4866966894059387,0.4961915467570021,0.4938955102241249,0.5241067583699238,0.4912842769538594,0.492830699994352,0.4906702981311094,0.506076392550201,0.5081478356206051,0.4981783999718151,0.4850868530757805,0.482158710237894,0.4957381508721042,0.5093881348946978,0.5191977497044664,0.5077161310457656,0.4963808737553309,0.5216558218082139,0.5008903342784145,0.4818685236657324,0.4960212270587462,0.4967248671211451,0.5134184662718997,0.5084367641015763,0.4992699587328307,0.5367984141181517,0.4813790155385162,0.5027570936833795,0.4919176162943286,0.4939308812438673,0.5152306130336561,0.5080035758383517,0.5169541416614376,0.5075012238414858,0.5004279289054474,0.5315905345819426,0.5022417319685194,0.5063135478856077,0.4786064662331759,0.5111057409214745,0.5237181333169982,0.486442264032455,0.49629030816872405,0.5238363179764101,0.4992382404263527,0.50219791233242,0.5073911916546442,0.5020579039518874,0.485976770591241,0.4764537246630074,0.4948204561299435,0.4807647878208852,0.5260316365886948,0.4986209343470225,0.5061851757396505,0.5077618453309883,0.4987984886817022,0.501098697290454,0.5020993523964913,0.513848404141794,0.5008196789991366,0.5259295143137881,0.5123484014016693,0.4845852466902038,0.5015219309075711,0.501197384422466,0.5173167128183089,0.5053103435686283,0.5060706733906946,0.4963244265204229,0.530782353095559,0.4943055946948305,0.5122731111952343,0.4989961771863658,0.5111165270849483,0.4995024869952816,0.5004554464848824,0.4905554261567539,0.5065617021276346,0.4941127711877345,0.5135496920155326,0.5027197035389487,0.4949224679652818,0.5035230919915983,0.5151269158244551,0.4998990909261418,0.503567503530991,0.529919305365318,0.4760394380760296,0.5132670357651421,0.4986921541541209,0.5187726163644508,0.4910456394114856,0.5031179472622297,0.5317685325957161,0.5063502721365822,0.5047358706176109,0.5009522769191259,0.4849177143174613,0.5085364833362449,0.4836654704263833,0.5028949367549224,0.5244069793085318,0.5257634832694235,0.514365476565215,0.5119827364729148,0.5002924233091205,0.4945622122261771,0.4825198512228169,0.5143685557663376,0.4822509561364528,0.5373298234055932,0.5020049353811457,0.5064520920685925,0.5372573953048397,0.4826646754967074,0.5316361886967987,0.4943649393689736,0.4930452226179552,0.5171928363050695,0.4883132683367509,0.4922255738084848,0.5086071350013873,0.4962150400118693,0.4965078015207056,0.4992163948422731,0.4855544461301391,0.5009604709611751,0.5116902011054134,0.4828444665115295,0.4954030486977834,0.4863863189173389,0.4942247099473577,0.4911144057356519,0.5160761493373297,0.4940229724981853,0.5221370259266009,0.4977621652540297,0.4883336718713718,0.4804850145622509,0.4965070922574963,0.5057806563214178,0.5006332723114998,0.506985006364144,0.4993313361187663,0.5098170405981399,0.4887431043323802,0.5101465696884894,0.4890210987102139,0.5123257394868829,0.4958589001948893,0.48559691639493,0.5243517278871888,0.5128611988767895,0.519216998773097,0.5008918225040229,0.477589435477585,0.465455808216825,0.484601683207789,0.4979456561745864,0.4932383811049548,0.520544689194385,0.5050355980057177,0.4951691081544724,0.5144431648847849,0.4797247795316303,0.5122494183535011,0.524538516965079,0.5219255766559471,0.5140237637315094,0.4999758947266508,0.4926518357778914,0.5040404285108424,0.4854188758419958,0.4812520667021166,0.5295187655971539,0.5101502168664034,0.4991832316558768,0.5298927668492821,0.4770396332814087,0.5162362755762222,0.5051034764527274,0.5015265334875736,0.474030729645189,0.4921455852779091,0.5307746513335347,0.492133549215889,0.5077449363370982,0.4761462766726277,0.5074945186798546,0.4939363283696391,0.4877270389099173
2007-11-15,0.4938772330638132,0.4784419304489224,0.5240801769207297,0.5061204286023063,0.4956902683573681,0.4982848385249928,0.4712887204774041,0.4816766699691004,0.5112778416713116,0.5085978674253337,0.4858879986028727,0.4933679060113219,0.5099866830771936,0.4842888319189488,0.4964559596284269,0.5024272648122291,0.4963955721743383,0.4925004550374069,0.4823488339583018,0.465260635985938,0.5063693343361523,0.5035539032732822,0.5223871171897227,0.5048093429113798,0.4904561976741482,0.5012492320154447,0.4936817252808738,0.4946766871144544,0.4984940916990648,0.4875084948833527,0.4861337609517343,0.51062472517779,0.4924700230235641,0.5149396101540578,0.490675729564119,0.4775121535541702,0.4892926770339423,0.5187372663819007,0.5105557278753506,0.4903114017299202,0.5116698400062767,0.4876626526879378,0.5252973949182707,0.4951298084636475,0.4854744863841158,0.5022425510079416,0.485242991034859,0.5014793553296729,0.4899745383951931,0.4930300616652396,0.4829201940833084,0.5034920982194497,0.451773061004228,0.4869286864269872,0.4829122240737112,0.4913211411007827,0.4836884406437706,0.501862792774052,0.4896492096781944,0.5120023356576362,0.4909126286725977,0.4926791840337197,0.4813897360321392,0.475792706328297,0.4806314602063714,0.5129450240027604,0.4986541957252617,0.4977858249356627,0.4773464531441888,0.5008234230727491,0.4845681132261007,0.488887603849169,0.5256114621378518,0.5002219692310174,0.4758848291558136,0.4740607768514575,0.4900759183705703,0.5002718980197856,0.5002662284496333,0.4803443518231774,0.4864953329618605,0.5095962784919456,0.4995495456014262,0.4823266784037684,0.4921316154607159,0.4972719820142688,0.5099560164325658,0.494784199830338,0.488015895730837,0.4768028056062969,0.4776405218394926,0.4876459035739565,0.5011345052083902,0.487276843862306,0.4795584236604916,0.4710145877170663,0.4862371372418166,0.5056038621941501,0.477464189986765,0.4986359435625512,0.4705082457702997,0.4972338890918118,0.4927222507993415,0.4901620744800986,0.4863031020049509,0.5010787413462683,0.49534936743453795,0.5022202205985825,0.4924333113062024,0.4668997171230463,0.4912684604160938,0.5112643343282243,0.5175682594875896,0.4748183838369554,0.4979052840761356,0.4817344246701079,0.5185578866809907,0.5233626244930876,0.4995866602519775,0.4886853489811666,0.4930998514135131,0.4781346229634311,0.4866291039186858,0.4951092898453313,0.4985467572614836,0.4845120622520814,0.4889521941099723,0.4994405752924195,0.4911067170111426,0.4987756654392619,0.5008639321474717,0.4725752078931474,0.4916461544531311,0.4987596605827905,0.5119455295776046,0.4933432788623403,0.4896069559363895,0.4932135462388623,0.49321161507548494,0.4929239870631931,0.5030965229133005,0.5046628426584209,0.5126491830347252,0.4893786503199461,0.4901315340958117,0.4874118452396049,0.4693788968983858,0.4948382402508808,0.5124714388978242,0.4830171045975972,0.494773128999248,0.5157411963077421,0.4853212871694048,0.4948427798252679,0.5131709796016687,0.5224187759225466,0.504770799478369,0.4946853822648872,0.5067824834475527,0.4850860941484275,0.4726650408453882,0.4627024607999373,0.4880444958709824,0.4948945797569022,0.5063438554464484,0.4836832313454501,0.5004945266119358,0.4986714971548923,0.5054726101096246,0.4935580825287384,0.5062204642040706,0.4912269096886155,0.4911384870350854,0.4751597037024725,0.4911869467501023,0.4832200786762949,0.5104592289247037,0.5034920982194497,0.4873075528765731,0.4940030981898187,0.4943445206970058,0.4866798503421009,0.5028678830932078,0.5056914476429821,0.5104642985288486,0.4864070563125041,0.5039101584781572,0.4944999753737271,0.5001551183965016,0.4718717373231282,0.4811512869596678,0.494310160808471,0.5030138385515921,0.4943288883151499,0.5202566791801556,0.4967701533369682,0.4956679518764084,0.4866929361492388,0.4916535291508098,0.4931840972946962,0.4861299219190735,0.5236136927476939,0.4929932987381936,0.5047658584364554,0.4886967684871519,0.5191513900008944,0.4875457066524898,0.503354481999387,0.5024008322861216,0.5131515746190163,0.5060713959683708,0.5020703086204011,0.5018209764723279,0.4901964279706518,0.4952374396042235,0.4994365262708136,0.5044038342805698,0.4794539080178693,0.4879736007094289,0.4965179771268426,0.4858404426157428,0.4936426708959005,0.488946980059769,0.4974352379058362,0.4993577657844615,0.501844111979852,0.4834653080718661,0.4912922663942079,0.4981410061105678,0.4929972309834656,0.4736906636279034,0.5033817197713195,0.48879982401552097,0.4914296964108398,0.5110035790132949,0.4767216701765685,0.492878169734438,0.5234681928986041,0.4818731525399466,0.5025831136118359,0.5027432348916914,0.4947794826252946,0.4664119624394033,0.5110989004719146,0.4829283639063209,0.4728828340155212,0.4966458437864287,0.4887857972225094,0.4920171667821222,0.514936048358926,0.5104838647982035,0.5057934156882566,0.4953478693427669,0.4809182093181328,0.4945054579142602,0.4757163611455242,0.4967384498913042,0.4957203179059101,0.5002380385468812,0.4959316766945597,0.4930238423356016,0.5024349328195583,0.5035065103756639,0.5091619682344872,0.5112828166185814,0.4953684076650983,0.4946483248836253,0.4969813041494448,0.4878025865074056,0.4946330153197782,0.4926681213322238,0.5002005447428856,0.4823568477429117,0.4861292798939852,0.47933596651655,0.4975013436000059,0.4894148838925482,0.5265629612232217,0.4969285200472415,0.4920853117375033,0.4951754121037173,0.4747125090664198,0.495948994065385,0.4950235237882348,0.5001381228121502,0.4907787993981769,0.489196451159959,0.5127623793730315,0.4882743807984836,0.5120991351300769,0.5049925269974205,0.4863773952910798,0.5164201828674777,0.4834346168261805,0.480645040408355,0.5154702453401597,0.4964110858563776,0.497518666493451,0.4881936983476594,0.5010815011110659,0.5002651207940324,0.4919427976944625,0.4887873694099838,0.485021174203237,0.4738210748190353,0.501484071518024,0.4853954736291439,0.4797660776584468,0.4886093431063789,0.4802755460882417,0.4917046339340918,0.496498135142168,0.5212971910991668,0.49672722806852704,0.5026239400017266,0.4791559262547646,0.4837050485476099,0.4696824884846473,0.5059467075898764,0.4891812937708848,0.5089630680296591,0.484720324562712,0.5020153295438715,0.5077965463803387,0.5042509458536737,0.5042310683925002,0.47893779585886703,0.4869342620556026,0.488758680204262,0.4951683182638588,0.4946551759925967,0.4870075126602683,0.5021891832512176,0.4817590862243913,0.4896989617878668,0.49614036884043605,0.4849312004456167,0.5030736643079249,0.4864096299592823,0.4924802019040559,0.5063959315371331,0.5040957155735182,0.4982035764538883,0.4826903121112909,0.4952828979415188,0.4835322511240864,0.4796994802244002,0.4780976034902157,0.5155931682059315,0.4984790368544358,0.4812166277191587,0.4840720976577732,0.5071511221144546,0.4903833985807718,0.4889135570073538,0.48682856580454403,0.4719753927543864,0.4802230398179562,0.5014848480533127,0.5003176013695071,0.5006859880479386,0.5003982244077025,0.4895506800492766,0.49355822907342894,0.4814345154209074
2007-11-16,0.4981038843475271,0.5036972684925004,0.5294816756865659,0.4926109549606549,0.5206803546378385,0.5178313439197023,0.5192132967381007,0.5149602171409261,0.4985140109745602,0.4966870681963757,0.5263908449399302,0.4985198120173333,0.5119422891466416,0.5145897798086501,0.4904299557587957,0.4879911385529322,0.4964747533696062,0.5164978041232822,0.5319213935838945,0.5243831530543579,0.5171181404772959,0.4892029311750543,0.5243670481459708,0.5187599006542934,0.520097264155547,0.5011149944857354,0.5012552811720479,0.5192116468900841,0.5067832113576387,0.5084500605626937,0.4980612932504032,0.5151881547910545,0.5288053634888769,0.5335096789988506,0.5206468928512896,0.5041612139645829,0.5544688254536787,0.5101084312781896,0.5270409920090907,0.5225903172838281,0.4969291570830482,0.4821389343194518,0.5148995683415427,0.4900178933556128,0.5092329286284519,0.5052155331042751,0.5092423425279621,0.4980235898379754,0.5086588143767956,0.4981503374146418,0.4943890298359452,0.5110498598547989,0.5253927414975502,0.4980370806510483,0.5254115827365132,0.5083250506704851,0.5213768322516016,0.5009063632430399,0.5385507530634188,0.5362265695987107,0.4900470395230975,0.5136204579984137,0.5375539614629768,0.5110984248129726,0.5237536098332073,0.501902271256095,0.5171848195728901,0.549901578773547,0.5238447331856085,0.5047709742143329,0.5462620271657184,0.4928786847744585,0.5164139153942278,0.5029309083800368,0.5083048930173846,0.5111315359563166,0.4998947420200842,0.4865727097953087,0.4934786585262042,0.4869257826764802,0.4934183650208032,0.4861905125133778,0.5137594483131804,0.5200162032669797,0.5157244654870711,0.5005403324329059,0.5251323509983438,0.5037944146436252,0.5280911579647272,0.5012905466174379,0.5134391016139849,0.4902543809912113,0.5147981530064445,0.5018523267460558,0.4865509421289786,0.5287279708727426,0.5060696877066829,0.5052944979172349,0.5413031963308894,0.5189097554925761,0.5225760070539724,0.4999745607783382,0.5033247196429407,0.5033021086635874,0.4910534774341202,0.5194035940367601,0.4972751059109086,0.5254266540187551,0.4960273704932364,0.5069683720554489,0.491116301079799,0.5322559773458782,0.5207858592939172,0.5286492070067039,0.5106966274837264,0.504856600807638,0.5242190399011313,0.5334886694032387,0.5009195634483647,0.5087449412538071,0.4889504853227976,0.4873831794918721,0.4971223408424741,0.5290849815040526,0.4822576171145447,0.4955525748226785,0.4950226199212451,0.5162433612037485,0.4892853569817911,0.5008815753965501,0.5152666966182344,0.5423708876808756,0.5011185517148568,0.5018974033275638,0.5281058129827282,0.5029226119959712,0.5222059658096512,0.5146515802826351,0.5168302338984344,0.509927875215089,0.5116490067181929,0.5106006517990945,0.5215353858230719,0.4948171494394481,0.5081611684817666,0.4902635100311049,0.5110572906437207,0.5334129389004815,0.5080022290185036,0.522651158127339,0.5061565646732836,0.5361930801840855,0.4941580797965056,0.5099966783831577,0.5105902805552682,0.5249697293325575,0.503730852800399,0.4995719738132536,0.5221031507870358,0.4836858228073273,0.5295312860055942,0.536325165373692,0.5070089173055404,0.511872549486163,0.5388999454146679,0.5118622911393084,0.4967021017265925,0.5080429923397414,0.5249954802664505,0.5545168365411262,0.4989863200134295,0.5580224490186102,0.4853860811727317,0.4825653911623489,0.5214334140397453,0.5056071342579468,0.5138891405815648,0.5110498598547989,0.5223777711479958,0.4893302761721611,0.5376067766272434,0.4903338465240568,0.5328546043373857,0.4882664239404267,0.531069628542695,0.5081791147629818,0.5104606172952865,0.5078632385697694,0.503480916148602,0.4990909272435489,0.5268391927106986,0.5275775378967895,0.4920691842620162,0.5161486495225641,0.4869137061786307,0.4998408893839682,0.4875507386527808,0.5161338335994154,0.5262522906253068,0.5232005932814416,0.5089717327835668,0.5159505495427436,0.5064413179056617,0.5079959003188089,0.5072893203003865,0.4777749253225555,0.4955746232013759,0.4964153057619837,0.4948298768654432,0.5001957584700306,0.4890239056701206,0.5129213832691942,0.5013359216220179,0.5188903888106065,0.5409527548402923,0.4872047045399399,0.490210344342039,0.5044916807439684,0.5563097405636378,0.4857064302343782,0.4982259784828654,0.4964501095024941,0.5252784646423214,0.524394966260738,0.5114013649383301,0.4995027647566918,0.5466662678773838,0.501623894091748,0.5111284186745372,0.5184891346030297,0.530210611263717,0.5269028257237099,0.4964101434142271,0.5020430715316639,0.5265444730032585,0.4961582762439984,0.5280518654833293,0.5504854602602778,0.4953121288576786,0.5153606701766854,0.5050857397971525,0.4946985142132492,0.5442387154413196,0.5043386423465492,0.4760348351579252,0.5146223824753338,0.5047842585048659,0.5181537089341747,0.4869357456149193,0.5217618220225315,0.4885052717292701,0.5093449774012537,0.4992246786841888,0.5154040040649577,0.5194297428692463,0.4975835819969647,0.5409494516495714,0.5477866804669282,0.5109310194518064,0.5098516203450738,0.4896090564290069,0.5082483703318381,0.5295293037510921,0.5324754791554934,0.5165966051621023,0.5004213098665844,0.4939923096336484,0.504262420451253,0.5173543206979031,0.5305138560454259,0.5137292479214749,0.5182149920735434,0.4919598493150746,0.50620216273879,0.5089597769594496,0.5305419218261864,0.5131021038097343,0.5016477573226553,0.5012451478555171,0.4782278297241107,0.5189612124087278,0.4962542408619179,0.4989487758306612,0.5248141878742595,0.5218162701200857,0.5097396399164384,0.5091987585086926,0.5146098997759878,0.4993414693185162,0.5004375738677764,0.4954745941207427,0.4976403669766791,0.5514999025637267,0.4906159445863689,0.4865459924212505,0.5093156171645131,0.4920614426359384,0.5010368090328566,0.5218379149155715,0.5145898497781302,0.5007210992762221,0.4962890866441659,0.5337127745135755,0.5134386544009558,0.5240807786251607,0.5189394052245467,0.4847014533983678,0.5361623446689706,0.504513057097715,0.4941253545853795,0.5079427792981966,0.4814590416113884,0.5067277781218089,0.510102706003701,0.4975679438274244,0.5354632127710477,0.5221098949414601,0.5554977240421376,0.5303437519581742,0.4929195176975351,0.5477742511466348,0.4926742587122415,0.5231787403077515,0.5249745561815651,0.4921448535595693,0.5131485297363194,0.5242369264084185,0.5302299170733925,0.5064947394400509,0.489229282850689,0.4934791772648504,0.5026429189682267,0.5366027086625513,0.4907765103631116,0.5288674095376817,0.4945462462412728,0.5211741770780866,0.5064739427346755,0.5222740137410464,0.5382518531856524,0.4839045794959884,0.5313314656849593,0.518065554761478,0.5013595012560237,0.5420528533454596,0.5319400525628919,0.49845180000933,0.5157439218466541,0.5357345375646548,0.4800267336482477,0.4943243948644813,0.5045193165877621,0.490752364099296,0.4974842217483738,0.5188613359508814,0.5061365020319437,0.4712498842775895,0.5264233379625637,0.529850224756085,0.4826915228530663,0.5048927314601561,0.4891886325781362,0.5122017534178424,0.4989319938826606,0.4944078168624135
2007-11-19,0.5194179882039535,0.5190398924723372,0.4803562373969491,0.4908048464608314,0.5052398483086059,0.5216695416750573,0.5014739365244973,0.5077493847938895,0.5011358612927467,0.525468740802863,0.4986192512471574,0.5015286729908836,0.4902560428082926,0.4826450740961498,0.5098928422199942,0.5020470091537557,0.524280326927813,0.4821046647077243,0.5124304143363382,0.5059368568269607,0.5315189391880435,0.5171782723723112,0.5320354082818305,0.5495283831080695,0.5155350928151962,0.4997082539664159,0.499874107018748,0.5074676809069044,0.5262757028369774,0.5339088309723613,0.4733425763681874,0.5258317979345449,0.5078068545913026,0.5315421704490871,0.5080250354535014,0.5148500618956304,0.4866818078739058,0.5108285398938984,0.4963279756361471,0.5462118326566984,0.5205294937208684,0.5145375265843783,0.5120068858828779,0.4979733502114147,0.497186271350998,0.4976736975497492,0.4824473395566332,0.5023663085722657,0.5003122803390485,0.4973547619721908,0.4947239599208768,0.5201490411642038,0.5122889271849437,0.5215612818349538,0.510101411058007,0.4924893236402639,0.5126355517806708,0.5109659482322946,0.5202886440639731,0.5185175364538527,0.5114098376349545,0.503140583028344,0.508351496633839,0.5188957386207138,0.5302838973465368,0.5304121610624989,0.5059481511507771,0.4974813946999752,0.5139371456249576,0.4870649038970577,0.5260786731926822,0.5134184037706764,0.5197967876574513,0.5270698753727256,0.4963022195712333,0.5079477332557899,0.5087912061820276,0.5087812214437617,0.4770637766609392,0.4987120703898726,0.5428214787388094,0.5205795380513336,0.5230232049027346,0.5002673204625674,0.4887510302940598,0.5241258328141596,0.5039783332806129,0.5062864175319441,0.4892505675710221,0.5119899118031719,0.5155743906917712,0.5492353756206844,0.5437366530831613,0.512640961293739,0.4671013132717461,0.5125304118006639,0.5168735556105455,0.5061603517396482,0.5054744760526237,0.4937804675225861,0.5253206367996138,0.4754131385178406,0.4961161075114289,0.4874311578026254,0.4622255209497161,0.521984784682576,0.471236177342763,0.5331904690808671,0.4949655386650079,0.5211090081906032,0.5164132602708079,0.5265913933601575,0.4917925194095599,0.4782360220336715,0.5090891962545734,0.4913056435714267,0.5381371358814526,0.5391831313303139,0.5056521262192774,0.5347478658131535,0.4951282770481178,0.5052444024140368,0.5155993262159202,0.5399184664843677,0.5016412616943885,0.5202237268767868,0.5026017154289888,0.5070025543503075,0.5501473005687336,0.5182561367098092,0.5314451037054354,0.5019090935205643,0.4883390808931553,0.5168527426876881,0.5091688453350303,0.4844358164687249,0.4927784538837891,0.5235869877392073,0.5328799891906449,0.4900759757338597,0.4944748880811167,0.5307339255873861,0.5429358969029998,0.5107250458397762,0.5379214447354826,0.4953952985637773,0.5104423548715037,0.4753730558330453,0.5113456415983789,0.5257489797472291,0.5040087970251994,0.5139571325942855,0.5002376808118477,0.5190575132593357,0.5208070885485293,0.5422357951719486,0.4910810361948454,0.4938560989014323,0.5251562917771533,0.4855247060515485,0.5053995498896204,0.5127290695949211,0.4982132539059181,0.4823532888052809,0.5208712485435827,0.5198409009532269,0.5225573630958528,0.4956548646523749,0.4884273892697545,0.5489856696587608,0.5097732094336099,0.5252554699210616,0.5019977536807421,0.5104056503514793,0.4945369015725839,0.5171212334562993,0.5326300245503842,0.5201490411642038,0.5228704658887807,0.5021002012139537,0.5031614759180065,0.5346546464395853,0.5165838554524664,0.4931520973176694,0.4884959549119535,0.5061959524865641,0.5329723119999213,0.5185586562820345,0.5005882579922127,0.5155290986768901,0.5269270445713277,0.5106062080580425,0.5033217600598243,0.5144149205468114,0.4874384006581065,0.4914898777763125,0.5034605703072333,0.5250550712840066,0.5268500355334325,0.5080132490154919,0.5215386510546556,0.5217781843794531,0.5397787757017906,0.5060582271141111,0.5102340206831701,0.531228624011575,0.5106104426997606,0.5194887907826291,0.5149796358912448,0.4732284406546524,0.5074361446395617,0.5206945870581897,0.5083115864888971,0.5303071603269417,0.4976342185255668,0.4855166428619749,0.5081671200434908,0.504778967538181,0.5344451571670346,0.4923021045149202,0.494287124176799,0.4987257774199099,0.5146482745670354,0.5156835238332029,0.5185085840871039,0.523970009164659,0.5197587767587823,0.5137520391359467,0.5094280359428355,0.5245520761692769,0.488749308457805,0.5070855040381634,0.5138508083206854,0.5142659975049897,0.5220819099539665,0.4964822703367118,0.5010577775332549,0.5241663440939197,0.4905517634518541,0.5052618081395568,0.5038209766422796,0.50095389854002,0.514487306907223,0.5278509121372247,0.4996979734322582,0.4866692113761162,0.5153676743141297,0.5087929945432006,0.5104889273066174,0.5268954602536012,0.5132845396149741,0.5151825929020041,0.5385874227005474,0.5132159643251671,0.4964839914983401,0.5231439027511784,0.4974592606717556,0.4996908816001772,0.5207889068140111,0.4935519871846175,0.5252595377909632,0.5266088769050431,0.5297768704017959,0.5179310276573305,0.5394636696290513,0.4973458082012238,0.5091017780353781,0.5671757681933356,0.5122476254156016,0.4794606087991714,0.5096670349743307,0.4991334813993769,0.4906752013571951,0.5037259374830639,0.5075972151386319,0.5309815602005451,0.5075103583936097,0.511184978288363,0.5349716575737138,0.4997063712808922,0.5147150150431558,0.5031536302901505,0.4954661814941274,0.4987244107866021,0.5451810171871478,0.5006059722240479,0.4994901534996436,0.5226279354271437,0.5022264359763229,0.5191696620076194,0.5363878702058241,0.4979220593847367,0.5385131616258623,0.4952410708394181,0.4831498546387508,0.5035641565892074,0.5000939732126825,0.5103214064506624,0.5120078956933021,0.4925881972968662,0.5077041792254485,0.5118267616478124,0.514636163029677,0.5010670265480505,0.490934891436973,0.514682516571229,0.5197813719105234,0.5313565502754598,0.491867487651294,0.5226767630865896,0.5056613225532226,0.4748821634825584,0.5064120679561601,0.4789676497479458,0.5265418787736011,0.4705425494593266,0.4890678620383582,0.517427649814765,0.5060907670455809,0.5195306585099709,0.5120580497394875,0.4981618558492661,0.5218414700528446,0.5317282301419877,0.4913256883668876,0.5160809373680734,0.4931235369317833,0.5303880725780409,0.4901955752190808,0.5117906290606293,0.4884229862142658,0.5144532731830868,0.5103495434097233,0.4983205928344715,0.5024732780569576,0.5024625388701466,0.5021200671914423,0.5053279545226148,0.5023672841158953,0.5073288560612891,0.5109523111050701,0.5071551362789241,0.5081682082769811,0.4835274871565252,0.5036615350474686,0.4987918607856967,0.4741253492314838,0.543227634154381,0.5185696991949671,0.5373049992493033,0.4956010490688103,0.5005128833824736,0.5018340060834062,0.4980091307293981,0.5146523961337454,0.5049296061214048,0.4910329352158157,0.5056697693762373,0.5059045806668736,0.5039088591987927,0.5095124442973605,0.5371915072304925,0.5050047831847088,0.5204434086027522,0.5107571536671998
2007-11-20,0.5100560988558607,0.4850308399128201,0.4823486455719716,0.4502685801121733,0.4963003333411651,0.4969810889705496,0.518469931696041,0.4896529817384006,0.4957064533737647,0.4930103129754618,0.4903670738310058,0.493110611551943,0.4994696210089167,0.495289658811974,0.4866835562606077,0.4898266006587566,0.4947897105484193,0.4889077500973696,0.5004098997876351,0.4864557461379591,0.499835771870251,0.5033831891151137,0.4878109304718936,0.5010135730271116,0.5061677499477286,0.5191502296097219,0.506241581893276,0.5266508132876301,0.4952842955171819,0.5055709053647913,0.4857958351465257,0.5104578035063617,0.497105798351155,0.4982383792603966,0.5276915391396619,0.4949349376903195,0.5401015582895803,0.4978399718452762,0.4879703714246778,0.5101290370580224,0.5024236895867921,0.492142107863288,0.489335184106963,0.4963097253358068,0.4952683000752649,0.495460356955419,0.4986171738961631,0.492363967511003,0.4905984734058226,0.4861437429269132,0.4865820225399546,0.5084078844817621,0.5159258383234926,0.5015003648849107,0.4998648779681827,0.491085304924705,0.5157818811155211,0.5033748704925308,0.4942136308689428,0.4743371076504538,0.4746912053347333,0.4867948106121293,0.5142923034912946,0.4969079316725765,0.5026501617523341,0.4980204271636564,0.4934466546379557,0.5096170050770379,0.4845195636647922,0.4850837744831391,0.5141579086348997,0.5118653679522084,0.4923695857458049,0.4914385057911842,0.48794983778147794,0.4990355154042381,0.5029990033582351,0.4909120716395893,0.4854135105218133,0.486075305053494,0.4994420079105352,0.5233428442995933,0.5253005140401341,0.5142481449324812,0.4877787066219591,0.4928068786417813,0.4661528877497663,0.507165032299008,0.5219870866895225,0.4870167872204366,0.5032186907179493,0.5138896390196875,0.5097715801071996,0.4811516197860641,0.4946552626093324,0.4901307669142368,0.4855964420104638,0.4908245179665642,0.4985456071915571,0.4857781218759821,0.4990100951251157,0.5142981390030132,0.4855086132973569,0.4693685021413158,0.4817902256539192,0.5059959334851032,0.4924867293823325,0.5174401971364189,0.4867522998095169,0.504030246566827,0.5026201039062411,0.5050363238680587,0.4807378488432802,0.4910163793212867,0.4950000856232134,0.4908448605125551,0.4935453152799738,0.4912592411097415,0.494982071366339,0.5138100712363906,0.5040609298893098,0.5118934761370215,0.4834026644368829,0.4947945601698681,0.4844509014660355,0.4984844123621161,0.4851993353735509,0.5013126789526497,0.4936060308324443,0.4915688521011788,0.5056688131960715,0.4869403403650238,0.5213787827026468,0.5082628489498793,0.5102375272202303,0.4948762047301919,0.48619668869084204,0.5082982461677161,0.5078362882069034,0.4877191930768209,0.5007928868707288,0.4927769729422023,0.5234717192389897,0.4894534295738803,0.494925067695073,0.4973657880971522,0.5018816143621081,0.4588929296854013,0.5344088803983319,0.4944972780423519,0.4870721655068544,0.4964270503185795,0.4980907572449011,0.4911883781706409,0.4985632252854351,0.5064536241685896,0.5034680400520024,0.4959998309241033,0.4860308013217292,0.503267018348452,0.5095505179064918,0.5020185384230157,0.4974351104240662,0.4970503601503938,0.4937028319965599,0.5028906173200606,0.5068417006694969,0.5029635890604234,0.5045240898172818,0.5131233460257961,0.4979120025516548,0.5163798611609032,0.498548370451524,0.4991997454350353,0.5194452252944671,0.4946766907795706,0.516363461648228,0.5084078844817621,0.4836332818979868,0.4870911393080407,0.5083987012200609,0.4896428556081451,0.5116201643583155,0.4938079600934057,0.4777653496539158,0.5140161638026034,0.5103703499951572,0.4780952673451919,0.4940579266299352,0.4760482953435473,0.4836391602780145,0.4899612483394306,0.4957809135757786,0.5046276073462757,0.5133313245816457,0.4864384798701225,0.4962226028541569,0.491783997640611,0.4952908118442913,0.4860187645487514,0.5072893293244813,0.4830649884892423,0.5121270336788423,0.4872158493107681,0.5260061139795046,0.5012061229668872,0.5004502137502945,0.4890380594788979,0.4838968780416146,0.4778476448786482,0.5005696456616221,0.4946452733041562,0.5078849719368148,0.4846233189983482,0.4825169960705575,0.4932163817066398,0.4848474088553068,0.5058533280537288,0.4986085757789322,0.4828980086129717,0.4910672647741197,0.4862776424994874,0.4502601368181404,0.4958173503014072,0.4881669783297384,0.4677244646493671,0.4872176229576745,0.4665155283452417,0.4997397230837611,0.5020814219915759,0.5062512325954981,0.4916568921797218,0.5006737810398522,0.5061844647664324,0.5005701170031971,0.4850278839916498,0.4937203070273283,0.4962096403307404,0.4889401006543085,0.5201225626824857,0.5030589790936902,0.4781480500443393,0.5322320141708436,0.4963760451290274,0.4913172986476786,0.4917460650645746,0.5302866113828416,0.4942874602662672,0.4930888577871581,0.5338332135185024,0.4764587449367161,0.5024181026680624,0.5153633537152995,0.47971259924036297,0.4894172656088714,0.4887331059321686,0.5070097445926879,0.4982506510763717,0.5034006979790502,0.4978098199730116,0.4969631136304724,0.5011971666350692,0.5006020778785599,0.4914242399238113,0.5202206140244532,0.4909862012975999,0.4810587975120458,0.5026356117486713,0.5082161542314425,0.4998988835934348,0.5017538635649262,0.5030083561535827,0.5187115694602717,0.4936707133269934,0.4908864710380001,0.5001829873852695,0.5003376312611314,0.4699364161744483,0.4785738905201128,0.5052488030098067,0.4913465692354112,0.5001521647415139,0.5027911842447783,0.48064804626275703,0.4921575651980224,0.4981405223060104,0.4884051215908728,0.4942265726694057,0.4944014508597279,0.5011424159165823,0.4870714706019797,0.4872333063323922,0.4995520494819409,0.4823154810464211,0.4989547903817986,0.4988303863550151,0.5063072974248014,0.4968289181481432,0.48801205339067494,0.5045090987096398,0.4861144042786418,0.5183756247217762,0.5194305897689346,0.4940331435001025,0.4849795191321318,0.4981126447256963,0.5011628156948971,0.5088826629816241,0.5004018541572073,0.4989715500555617,0.4821235805616459,0.4841076143247389,0.5153141086409911,0.4916742944896528,0.5022245884435109,0.4741144355166537,0.5038166166938067,0.4873446651875634,0.4944519654443038,0.4922504187790634,0.5096877823683882,0.4957305252995498,0.5016632571168379,0.5538760687920865,0.4854221175264261,0.4960088983646211,0.4928716191359159,0.5013198462805355,0.4956005999089775,0.4854292851087525,0.4927720478410708,0.5083730445982133,0.5095727680663295,0.4974277849279716,0.5109526767106479,0.497487779801799,0.4901927258679907,0.4978982431656218,0.4780961435615109,0.4947514150336232,0.4999998548064997,0.5267751355440926,0.488206360172604,0.4908375693318332,0.4828595451993194,0.510118179990984,0.4969928821913338,0.4936496283441766,0.4950968869850288,0.5026715872515674,0.4845192900884791,0.4957537882714541,0.50132359991797,0.5018984228825173,0.4895743500872513,0.497410372665587,0.4961684889830153,0.4972014562824916,0.4788715700096847,0.4948619316534199,0.4956091690050457,0.4949041996963662,0.5110959712415013,0.4916441673822661,0.4982387463371911
2007-11-21,0.5283468224866031,0.5125362812236268,0.4978784322232911,0.5179958284133535,0.5054155949892439,0.5182509800376394,0.535188390824154,0.5051257397191523,0.4922154727462853,0.5273702106414407,0.5178449340456573,0.5164331696441947,0.5154545066364015,0.5052321300587409,0.5236365066955591,0.5446377261179716,0.5043127744146717,0.50982879074703,0.5115597984777175,0.4984399155047734,0.4875317508218823,0.4976778835701101,0.5208014971485787,0.532363093117754,0.5019812900603912,0.527614347638196,0.5182798865916226,0.5407620926984954,0.5054622511431369,0.5207566464794614,0.5111059860760616,0.513272299055648,0.5214662720967208,0.5248530512560337,0.4953075723004006,0.5194741919100817,0.5022499562671733,0.4984253779721186,0.5422312007872525,0.5042106581684623,0.51788605562487,0.4877413698164259,0.5065707856526197,0.5038340734970881,0.530136020218569,0.5112517346448203,0.4981220388120069,0.5077964024842883,0.5273711298412797,0.4933393066810506,0.501579039497439,0.5174626686261284,0.5127475985087591,0.5124108538922605,0.5214414920499216,0.5303784706651681,0.5038631912636089,0.5026236300390693,0.5153996643574821,0.5052596992349572,0.4910864305137612,0.49956460100514705,0.5204500728330045,0.5062208687473417,0.5117710381863223,0.5057880291887814,0.4917393507755491,0.531949848530751,0.5194882072804966,0.5044330319083464,0.5256776046227116,0.4909570684668612,0.5270276001665389,0.5276992422876734,0.5067081981597571,0.5142961141421668,0.5150118501086068,0.5074181979465038,0.50614466472447,0.4967957884847809,0.5185823890935042,0.5120970484400084,0.5043548615843255,0.5327382945666911,0.5018586837111441,0.5088249313157835,0.5181560508912465,0.5575741227996113,0.5205601102599837,0.513680942775699,0.518433968059879,0.5318197200739878,0.5154722651624827,0.5047508813057833,0.4878281745671028,0.5131161145143938,0.5185901813045738,0.5093523462237802,0.5009309570591961,0.5224025667926252,0.5448706492564378,0.5300968385937364,0.5051565608269399,0.5119549288473453,0.5087557116486103,0.5073546866236758,0.4932604195446385,0.5478862850583259,0.5308446468363147,0.5290667467260204,0.5231538737917741,0.5236591403977229,0.5243981187099487,0.5158702481205724,0.5090754342501579,0.4910389912986812,0.5215180428653308,0.5226331380038928,0.5260580313323591,0.5079526478711196,0.530661253665599,0.5238865886848957,0.49909041428464,0.5298818677058503,0.5136058015492503,0.5013915646747478,0.5156555207311067,0.5087655926781829,0.4839865890389602,0.5052855747603859,0.4937028829010813,0.5314352355112575,0.4889947844606767,0.5068496055718257,0.5124520329985515,0.4991241272984289,0.5019197453389161,0.5290924694111446,0.5375190977626674,0.5023474496046583,0.5097474060141991,0.5094082173244641,0.5214586320041888,0.5058177444481388,0.5313077833580053,0.4989664115628907,0.5167354172561343,0.5192579805298675,0.534539921057897,0.5243544031198131,0.5124893476247747,0.5242060842366222,0.5211597263916767,0.510119385345152,0.520890022732644,0.5255528506849555,0.5126600407833541,0.5290650156518714,0.5229826421913006,0.5317564541276503,0.5331129481375452,0.5318934078298521,0.5015374237758317,0.5212608945070606,0.5038092249542617,0.5027166266766906,0.4978269211236691,0.4943231550608913,0.5199235480494658,0.5198294718181767,0.5109109159288583,0.5248984046294602,0.5042757560079095,0.5095023471064196,0.5256144878268589,0.5330301230036831,0.5270128898067646,0.5174626686261284,0.5019892248983322,0.5172398850948813,0.5560277242341294,0.4918809673926025,0.5266745896428929,0.5115908438318677,0.5367885209449405,0.5277905672845515,0.5190988114020796,0.520164109968338,0.5021301161127566,0.5271529372242738,0.5488994712539583,0.5470841383397934,0.4982784165381297,0.5138215757360944,0.5037029269658857,0.5099619958553638,0.481335739936864,0.5090608869196637,0.499038552282208,0.5145278492999202,0.5041530255383009,0.509278141256625,0.4846660599785137,0.5177739621084254,0.5076001660954104,0.5309753505966338,0.5138884242403851,0.5105413142678162,0.4965987322873918,0.5163814055709016,0.5120957516714887,0.523373233028806,0.5099546709021653,0.5325291350599394,0.521817851755519,0.4912741221859097,0.5307496952784525,0.5052906568477266,0.5244496375443283,0.5064689199243403,0.4892552146360016,0.4880727217719248,0.5192348888678612,0.5137511959137819,0.5209451300369502,0.5110927002594259,0.5305512872916308,0.5056813978155205,0.5233670627011313,0.5478260137217695,0.5375853495912052,0.5332808978201535,0.4979185238546545,0.5233652016741522,0.5435477340085672,0.4869016532128204,0.49057894753174,0.4972581036857207,0.5026888084454563,0.5100981276815693,0.4981876113283789,0.4948092396022033,0.5037843969951745,0.5373391882303026,0.5012053158198142,0.5249945050555347,0.5152083304846379,0.5377363285775562,0.5107089346527832,0.5144051779381661,0.5203051398426211,0.5227075338117817,0.4991110523924616,0.5205363518239209,0.5076707034473869,0.5144953407465909,0.5009204438603162,0.5105305812263038,0.5368381014505742,0.5090878965474006,0.5034773559160035,0.5133347842114762,0.5262119927454827,0.4959242612351133,0.5341984543443313,0.515060846950336,0.5100113306419057,0.5096859690847527,0.5127219157488407,0.522842602725614,0.4996984684771426,0.5066291019696892,0.5002235423512524,0.5160396194107463,0.5493192022735072,0.5515092681055508,0.5051803131418079,0.5194977462536511,0.5146387628098291,0.5207867317633778,0.50927960025363,0.5020053386200131,0.512038199765581,0.500425735688308,0.5022097674071786,0.5178619196469417,0.5171739765144021,0.5036534219084214,0.4969633754524271,0.5111538113606209,0.5155213824165309,0.5043720685708377,0.5033681717647497,0.492883711050965,0.4942452641569506,0.5014147920530068,0.5178254754328752,0.5035984394048394,0.5016911632815274,0.4802900436233698,0.5081863589219145,0.5316716593446236,0.5331557942500574,0.5104705258982749,0.4954983214458149,0.5103787367868484,0.5061162971461441,0.5117090526618676,0.5150289258371025,0.5222650852374456,0.5178408836690912,0.5055052803933567,0.4890489512087041,0.5004638249617598,0.5014984081661187,0.5151907582917165,0.5046103533067232,0.540448769675303,0.5110089812021454,0.5085851285659946,0.5460529325343667,0.5143960098330705,0.5474686266576723,0.5405737695298227,0.4901366078754705,0.4995126298192332,0.5000927652031854,0.5083239051576673,0.5029610730795924,0.4915192624412893,0.5271714634203177,0.5070050476407113,0.5175311873889814,0.5177339207533073,0.5241829233197315,0.5048686119072273,0.5221861185472679,0.5186199951223504,0.51215928323773,0.5188273345861906,0.519597869035266,0.5251391252375632,0.4990529811099351,0.5117723297854871,0.4961455878636732,0.5244873289090398,0.5100894661978621,0.4937001877901213,0.4918413595099211,0.5076243045538175,0.49894106976873903,0.5171283829201989,0.4897058623633364,0.5184656648045127,0.5035452790634558,0.49794183659266905,0.5022053592168945,0.5079648863499595,0.5287908732655994,0.4938564164390766,0.5095228845943715,0.4934597159762496,0.5063923915096525,0.4956456499991582,0.516571563447668
2007-11-23,0.4934414412816736,0.5121903962606442,0.5037180209729599,0.5167797696476948,0.5244751740464252,0.5047524827109827,0.5007554684883944,0.4941392220312622,0.5097429238990994,0.5171751913697773,0.5081973502458266,0.4990275497720963,0.5032463530935778,0.4889132893612606,0.4993600453855013,0.5004891305785989,0.528778428136151,0.5023994049693247,0.4963721071846805,0.4927223812626905,0.5076339928966586,0.4975881479825176,0.4971707290495209,0.4978241458120825,0.5068094969809139,0.5107287771385686,0.4953513832577624,0.5257638265889472,0.4863782648563406,0.4861301506065101,0.4850031440822947,0.4995220782809394,0.505783370311327,0.5340457965780742,0.5027921138946371,0.5150011346274349,0.4891206420138649,0.4989393380302588,0.5230226963097497,0.5030842685836525,0.5346215535752268,0.4969463129644598,0.5071241901625847,0.4679048246014746,0.5087149706463963,0.489013780563595,0.5105170147811713,0.5011138170925897,0.4815231584179718,0.5036582669574599,0.5012711003095879,0.5054125182164723,0.4738112527289547,0.4994517063835894,0.5047706004028445,0.5000933803177275,0.4814993575256879,0.5148274918914628,0.501715307893275,0.4929650458716939,0.4861320901709258,0.5119665409849585,0.4970897414797079,0.4969667098815113,0.4816158768115228,0.5144813165953914,0.4926203296623432,0.4953159814482493,0.4857623328378167,0.4858818859179934,0.4822455592329843,0.4868147038631155,0.5130633624246593,0.504926886234202,0.485476054748111,0.4785215186688012,0.4826888198467959,0.4877737737269571,0.5046379518682833,0.5166551597595129,0.502699308633832,0.4959734048735972,0.5141131475102678,0.5075448151709356,0.5044513813095295,0.4967705500029516,0.5002868104545124,0.4891206730100922,0.5201375680602912,0.4866345485927842,0.5018858678091783,0.5005838806582791,0.5123716754695063,0.4782685606931875,0.4816263640352815,0.5123153562479053,0.5181969839172085,0.508427928282123,0.4898112089488789,0.5158930894036667,0.5039382751110129,0.50860102192638,0.4931709014707341,0.5076187648786391,0.4939719261727549,0.4994512227608341,0.5079502496770858,0.5032752692452745,0.5010450452013457,0.4858407555750871,0.5026096415627732,0.5041032846285523,0.5074174229415217,0.5038857493962704,0.5222809659112188,0.4911399869724125,0.4933100334406583,0.5012691633648071,0.5114272310568926,0.495710418652701,0.4737034234285144,0.505539628585817,0.4776433751597834,0.4980598147256077,0.4878063377068415,0.50303629980707,0.5001454260359591,0.5216953691309185,0.4655066093962014,0.5109291131741115,0.503442927637584,0.4971615338873582,0.4783048000903808,0.4995273512531282,0.4898053530455569,0.5097924258157848,0.5050967219627607,0.5003235656235838,0.5204200107171945,0.4969732208740597,0.5204226540929441,0.5097860204094803,0.4909152530660216,0.5058822268844996,0.4909464491397968,0.4934224325354145,0.5194235846226525,0.503313916861214,0.5104952964946105,0.4913576833894782,0.4897438190411135,0.5220203611556742,0.493644355530616,0.4920918892836298,0.5022701673186319,0.4843014278553324,0.5201986973972924,0.5131372396384896,0.4743286538534776,0.5142345963791233,0.4954287787619516,0.5109366982984378,0.5128426398033945,0.4808172259540765,0.4833508973041048,0.4993225631924999,0.5004235772311725,0.4962032490927834,0.490261956669365,0.5193371273999076,0.4870177853194521,0.5096955617011062,0.5138751922501589,0.4867697627205487,0.5108187757960183,0.5046726616049351,0.4948102200767298,0.5054125182164723,0.513142664548522,0.4900608778355378,0.5264133552384764,0.5078535579061181,0.5138955624848994,0.5015885726042494,0.5169619237323767,0.5336704232301062,0.5026846318594062,0.4896272562659573,0.5083192252651699,0.4974889928490045,0.4988581849221638,0.5255242753959439,0.490035807730018,0.5118368987625648,0.4826315682643432,0.5064902291503265,0.5069767997489606,0.4973383935161802,0.473693659952013,0.5197173290854614,0.4941776144727397,0.4753384467711526,0.5035597143805081,0.4781356454385076,0.5098127706125705,0.5105707965359882,0.5048492089669004,0.5011231449605791,0.4834868313011591,0.4911540287717712,0.5147170300539509,0.5239291112386696,0.4741470150303478,0.5247521238469106,0.4867494968991216,0.5059445050679662,0.5129627777754264,0.4872158389884577,0.5005268111281953,0.5145828898157399,0.47690308336088794,0.4851426987741954,0.5078425694317152,0.4914416104723511,0.4919173458540394,0.5192291882952749,0.49163909380458004,0.5021060807466635,0.5291650649074761,0.5035694965156415,0.5500717363558622,0.5081764064025951,0.4862430693679433,0.505946193742623,0.5146834928295569,0.5127731689387252,0.4913721843845029,0.527283869371015,0.4931221405623328,0.5037685504755034,0.5094908465826233,0.4548753974992847,0.4857246207327755,0.5107360792390526,0.5007721293309343,0.4959716893341485,0.4905616933927023,0.4884697020159661,0.4845767682058445,0.509470043776257,0.4953437945512088,0.4957195249856999,0.4847416780767623,0.491846268239725,0.4892973510430096,0.4833644009595089,0.5024437345527546,0.4922464993698471,0.5122722169703279,0.5093238146278776,0.4925609804795714,0.5074195171528242,0.4934626073566733,0.4993506778490164,0.5020231958235435,0.5357351527252621,0.5038333247626511,0.4896046582336397,0.491971194769181,0.4929219906173856,0.4996753887787334,0.5231814490911126,0.4909904201765769,0.5012606583540712,0.5015469224735429,0.5014325461901554,0.5187031648164624,0.4930404883119157,0.4895655187177233,0.5184472659232684,0.5166275093042068,0.4889380420276457,0.4917304514768235,0.5316013116543855,0.4862002950891677,0.5133337059419951,0.4906599284175292,0.4959723654777829,0.5062278140417991,0.4973146875655254,0.4588595319002362,0.5008158696961177,0.4945679289964699,0.4975582237962533,0.5060783385738398,0.5027284105676737,0.5314056571037534,0.4896842682165915,0.5153195314072873,0.4893756319596329,0.4938407029632978,0.5174590887411924,0.5120110143622216,0.5294023536539244,0.518412412385805,0.5005192562409535,0.5112534676258419,0.5278651677734217,0.5048656631243577,0.4921663405859638,0.5236893073315677,0.5112582502338421,0.5021464904720356,0.5064795485293533,0.4835744771032494,0.504136986938966,0.5207384672973149,0.4857775568318171,0.4982318269568493,0.4827019492136575,0.4967273998349186,0.4966553812614328,0.5022741548036822,0.5020392343206524,0.4969628422260775,0.4854746963490241,0.4985821700358714,0.4986020979352437,0.5049108236492389,0.5082857184266782,0.5130388177985047,0.5140603855603287,0.4886817727743603,0.4938573122995622,0.5098094428309847,0.4877066024124278,0.4955393892342096,0.5096033521469326,0.5178637730078908,0.4983844408053957,0.4985592197979796,0.5146702832361342,0.4878555408758192,0.4855560402192181,0.5115879470354457,0.5147340270353037,0.507781956640622,0.4860851324979985,0.4938643108151405,0.5010321575787928,0.5081119300453453,0.5171457049144123,0.5223934307025989,0.5042701557140215,0.4960003920939262,0.4993163283619624,0.4739710567880217,0.4799254460187846,0.5299647147486549,0.5132002532908011,0.4913778391510214,0.4980501710288653,0.5044721204896294,0.4958238449999244,0.5086473434035491
2007-11-26,0.5145034044528347,0.5016809911113391,0.4987767224358148,0.5365750518007519,0.519464754873478,0.5025305560729988,0.5054610111531166,0.5015526926879326,0.4978328689467597,0.5049382304809589,0.4978682506412301,0.5072820903192634,0.5167168835825443,0.5128829591615554,0.5192416748930865,0.4835296616374378,0.5055438633654132,0.5037208041395069,0.5159832120044121,0.4924448895100039,0.5243434345382567,0.5089281294907121,0.528405439334503,0.5143555348501901,0.5076501470130681,0.5138811575232288,0.5014648646147135,0.5171098261016813,0.5148194692157274,0.5139798554628406,0.5062707325659528,0.5365964174839771,0.4961320315021415,0.4986544144149216,0.5444527689046542,0.5061090808623796,0.5190323513108647,0.5057708788357967,0.5063565185030273,0.5185759756540897,0.5311978563452899,0.4895073642598273,0.5068903714367567,0.5112764481367569,0.5243076462025239,0.503168788285034,0.4996207833032521,0.4958615476866443,0.5066629498554525,0.4909294621470866,0.5099287774155469,0.5063430531217443,0.5188355334706918,0.5010237838167664,0.5133068657662171,0.5197365187708916,0.4945565141656855,0.4962977620568781,0.5032376961949729,0.5153906904300857,0.5012940429560647,0.5195539857700149,0.522286702007832,0.5065634532569011,0.5235176637650255,0.4922500149414201,0.5060810766825821,0.5219232023509733,0.4985275459913336,0.4962770090093449,0.5013462948046622,0.5034976531671927,0.5013424625918129,0.5140161019874057,0.5070935160102792,0.5198867258537054,0.5163455637715316,0.5271141589979377,0.4903433330045156,0.5141052521977449,0.4777891165104285,0.499331448350572,0.5025302595486614,0.5346137710401149,0.4772265290132186,0.5123966793483223,0.4959353222378093,0.5036670728929833,0.5250057845151133,0.5023245560552575,0.5202547475899159,0.4986879599197767,0.5200485202765431,0.5068671490145402,0.4852008428203559,0.5155167687013097,0.5167207511328052,0.503077481061514,0.5136768077525273,0.5085978984804835,0.5166723494112879,0.4999706339401065,0.5107196528392778,0.5014871862139703,0.4921958270227851,0.5035594823504892,0.4875322952916896,0.5418458236654556,0.493609370223794,0.5113154147002091,0.5155741766909839,0.5655369067768127,0.5006391849895632,0.5134092143528156,0.4931204906333522,0.4957710270151319,0.5051422764815358,0.5067548444263099,0.5081867568668992,0.5094935624239766,0.4943166462767297,0.4913036623008095,0.5067201963374144,0.5362428341174509,0.4866053875455033,0.5135589398193233,0.5000062027200157,0.5042908176020129,0.4883582217000886,0.5044168435626839,0.5327301685466652,0.4910861208954136,0.5092735620378025,0.5011373223723138,0.4966826023672631,0.5099827742602764,0.4849624438114429,0.5109708931598944,0.5399911786884305,0.518481904283345,0.5130418824003555,0.4861562468507382,0.5007434964145367,0.502534991217633,0.5091766164220768,0.5080607762559272,0.5086935615346134,0.5276420168643403,0.5315399845629009,0.5136724295623232,0.5052179226972079,0.5123515614628369,0.5018526241074324,0.514812288551457,0.5014954750516746,0.4913795351593898,0.4989393939108918,0.4893607891473099,0.5242692667463075,0.4940434909403551,0.5364101972135088,0.4919614572771162,0.5003413457406303,0.5029144467483782,0.5272331543299532,0.5440201497740098,0.5021795418521304,0.5128770705788913,0.5044370394693376,0.5337408710234605,0.4944024214970357,0.5091203837864147,0.5140976914015861,0.5102540294127597,0.5246314705546571,0.5044609397891806,0.5017098010047171,0.5063430531217443,0.5002685729462946,0.5016610074373801,0.5098381066680889,0.5002482619903801,0.5272596296211371,0.5083837563119651,0.4950630849214223,0.5348273179687024,0.5029833116957841,0.5008491702816226,0.5083259066015655,0.5065787096893047,0.5199335952991153,0.5110506245947766,0.5009830335377299,0.518150183061567,0.5016936516373749,0.5236901688306098,0.4888002959922261,0.5053247622839381,0.5380975341908276,0.4998182815836837,0.5126119570655681,0.4985766872729371,0.5037287301201885,0.4897222988800336,0.4962515075100735,0.5137226519549059,0.5063985151630345,0.5153447574578334,0.4645387053975194,0.4980949569920191,0.5050501159843623,0.5227018672463147,0.5361956595921176,0.5221943409097459,0.5073823757048656,0.5060385477758972,0.5375525783550921,0.5045289265633435,0.5294347847501831,0.4886346655506765,0.5129816536302,0.5012818375919396,0.5345329264668466,0.5157799699467975,0.5182314949066431,0.5148700854626787,0.5114088113997128,0.5100550353789516,0.5206247091969503,0.5086996740094963,0.5319558215363963,0.5164866084527955,0.5062781878417095,0.5075520515677825,0.52080915854864,0.5070639270051526,0.4999955875370262,0.4924790364391907,0.5007668208560421,0.4965150825760618,0.4988561804667983,0.4930258038927936,0.5009038682729379,0.4997443122922,0.4984664303368619,0.5097312293259406,0.494144581129945,0.5213187027867087,0.5152674685595718,0.5124656739590153,0.4919109691971876,0.502146522233717,0.5174445225691873,0.4922134426138683,0.5135010209449336,0.5286643404142837,0.4994775303464312,0.5107523122563226,0.5410992226173297,0.5050811535297094,0.515745504925998,0.5091159518924776,0.498784894337797,0.5088016651911021,0.5142425386419623,0.4990220219584537,0.5240988649882764,0.5040832753155019,0.5036288756348365,0.5172923650156033,0.5034167967319712,0.5133814780928271,0.5149208591836861,0.4907668462308913,0.5560830565158106,0.5156116413009117,0.4947564171743678,0.5044488422366252,0.533071942872647,0.5016027502540352,0.5067845340380104,0.5119244429264708,0.5042123745866367,0.4997958000602449,0.5035645695043743,0.4954324887524874,0.5048483792637897,0.5052869277545305,0.4941825834268909,0.5159393817162186,0.4767704862291065,0.5033660560870246,0.5250632440943537,0.4974617663697996,0.5043691808781428,0.4969227534251585,0.5242565463160092,0.5196059726383191,0.5254996803027869,0.5122394921369865,0.5006528727408266,0.5118410742822551,0.5140872225515593,0.5158648205142152,0.5165015722147068,0.5013958077163033,0.5053495855127115,0.5174807605051546,0.497584363695633,0.5175548767333581,0.5038206621417834,0.5079602356442081,0.5230266025780439,0.496452759172923,0.5056459628393499,0.5123817282028101,0.5175644799649075,0.5092159509411811,0.5322706269206301,0.4999346781965376,0.5098841402428529,0.5063628654745832,0.5185714783358093,0.5219190962437397,0.5120016281426334,0.5071540707540015,0.5301988247201385,0.517056589145303,0.4861717823211491,0.5111579329926134,0.4973183715769346,0.519722220144927,0.5334500992998672,0.4882017378720562,0.5061078354600868,0.5026523466572544,0.4957425524588087,0.50340417559485,0.5452388968633248,0.510936960668453,0.5195815448878832,0.4882014928546949,0.5321900505139148,0.4978606639749418,0.49682636862099605,0.5176725740367059,0.5115816697977565,0.523047605421274,0.4968104057483535,0.5033290183604587,0.4926313354751162,0.5138059187414773,0.5132871577436148,0.5009189803438114,0.5112658032844953,0.4938654241203477,0.4958929534629833,0.5189046815371713,0.5185360907929324,0.5088738680560949,0.5147806802658764,0.4988129069714378,0.5123454480576379,0.5029483174332797,0.4910651193844329
2007-11-27,0.4814094990479553,0.5018276056429497,0.4836845537633579,0.5040272101331128,0.4850042798542642,0.4990388271884527,0.5042130343471509,0.501570016196269,0.4963916805094336,0.515361870429374,0.4653231271495501,0.5113166196887621,0.4968494283299848,0.5223560125075382,0.5240303023153153,0.4691634745410381,0.4864301821794569,0.5012956537334472,0.518538699332161,0.4919974176977676,0.5251580516490542,0.4768633309540248,0.4933354648253408,0.5143114135002154,0.493746691859433,0.5017394213272157,0.4954554019044627,0.541767303789896,0.4992934685358628,0.4734656113816729,0.4861921073237169,0.5038219165069217,0.5084002021468037,0.5208397978522795,0.4931817863088568,0.5136942841907035,0.484982239081929,0.494376818142301,0.5179131997653078,0.4991377863957199,0.5301814100466111,0.4998184931695097,0.5044175315436915,0.48644788144758905,0.4994091867302531,0.4853797017126827,0.4995116967695534,0.5048587809449958,0.4998600087033382,0.4875861653063753,0.4937917191992104,0.504231072961586,0.4967638651222545,0.4985636577551774,0.4717865895683274,0.5237504688728937,0.4821024556407335,0.5065586403797909,0.4988113378855024,0.4958049429677167,0.5004560564001171,0.4953264900073367,0.5180376894372263,0.4740018259202829,0.5033976499465012,0.4833724144596366,0.50660005305277,0.4737295796184464,0.5110625244661624,0.4931922554593538,0.4806621029128886,0.5190375211249579,0.5085271358609538,0.5249107061157364,0.4798642241445024,0.4969707832956531,0.5096695941294211,0.5172246468339383,0.4907624686814104,0.5160804654164832,0.4810581824810136,0.4986071938551724,0.5135948395861594,0.4813417183252167,0.5066469188646863,0.5153064563068351,0.4906899785725265,0.4916868141481453,0.5042472567967801,0.4972681823857774,0.5300609220798906,0.5147194315638529,0.4999400094004913,0.5012667470351899,0.5026014283429818,0.4843719845448352,0.4815968411140166,0.4789059685604018,0.498828227090101,0.5015843649190418,0.490896983772976,0.5029097594044315,0.4845756904224029,0.514561136015633,0.4869806083349731,0.5028985995938918,0.4959648196847478,0.5265493927408885,0.4946759443857148,0.4825547827919452,0.5132314676046589,0.5138639707953525,0.5064732563815433,0.4916548711251287,0.4927594753637803,0.503298169912185,0.4948601464390787,0.5001445248824262,0.5129480345455999,0.4985421851836553,0.5233156209140583,0.4448015745335421,0.4950101446210111,0.4921439776445192,0.5047128654814241,0.5216190720645528,0.4927576949898205,0.4994078554640676,0.4903668948693747,0.4870242568325391,0.5271705661291468,0.5013013690019854,0.4924888659623263,0.50656981788675,0.5100444687126194,0.5229976412958134,0.5189258301421573,0.4950325504230208,0.5074837093425696,0.5023964999175333,0.5030829867850005,0.4995475462897629,0.4940577063526497,0.5039683641384565,0.4972222297813352,0.5063252231880424,0.5233866564234774,0.5076124097045543,0.5191516249454224,0.4859843097501376,0.49471467474387104,0.499782118061586,0.4908982219380906,0.5075947613082537,0.5275408531128011,0.5194770014157365,0.4721926088090692,0.5027964274049617,0.5067869575859342,0.5132645187181631,0.4793598401124606,0.51351298461062,0.5116669609637933,0.5193826106096349,0.4864933444677124,0.503308806896028,0.5290074827515385,0.4705309453348423,0.4814304877764746,0.5161037714553557,0.504296312647078,0.4907570950051672,0.5032900475954788,0.4885393121689767,0.5007706534368263,0.5146896436959276,0.5077617331760353,0.504231072961586,0.4995463976356618,0.4793965701272248,0.4954472558589508,0.5114484525742203,0.4990879143303987,0.4966558151809185,0.4995854506110249,0.5189671088608965,0.528689184149059,0.5111185045743724,0.5022056482585598,0.4919501150103541,0.4876257617484696,0.5320441588928343,0.4954548837659485,0.4779933362270573,0.5226838905605515,0.5147786622419894,0.4866191875335909,0.4964899947112004,0.5163819903810691,0.5150386630755155,0.5096018168928318,0.4861434813178509,0.47581021280984,0.5309032498512947,0.5119884990235775,0.5025182247799855,0.5089779991239605,0.4884431347467498,0.4928178416989545,0.4970121159374688,0.4876651342692742,0.5236310847323092,0.4970976437948088,0.5167371534341181,0.5056841803277689,0.477353976111588,0.5225695480362614,0.4715100177536368,0.4922531294012028,0.4982842850571564,0.4902299972631043,0.4778833916538016,0.4981057150059799,0.4949124118516961,0.4951036367436545,0.5155244183758266,0.5071649968445485,0.489629445591323,0.5070295342920785,0.4959316330052901,0.4973790556531121,0.493030471833829,0.4837934225071177,0.5098786333401812,0.5122577767566671,0.5072110298606021,0.4900416085947556,0.4932278828576915,0.4872474602589808,0.4926082431534001,0.4959244010291164,0.4838207703439909,0.4936246317038903,0.5106453422532741,0.4895257503502979,0.4915343747830598,0.5014381106894061,0.5034445003936078,0.514005625067224,0.5480235964079841,0.506632821083281,0.4797292013887877,0.4821097945992974,0.5079201430948195,0.5048717444204375,0.5161650041255796,0.515467619386354,0.4981088451544869,0.5059341313959137,0.5116273962921264,0.5110938806626912,0.5287438542974661,0.5166631040497365,0.4948954562040978,0.4985846558201626,0.4924847954276673,0.4852953240922947,0.4790508034799292,0.4936649455310658,0.4799166764485967,0.4977068157732858,0.4893956292222448,0.4927022393942343,0.4927491439992277,0.5084668072365894,0.4990266170493193,0.4946247650373766,0.5038216263625472,0.4989825780458138,0.4945903776920088,0.4905094190007162,0.5045069293030711,0.4666714162107006,0.5064312682853509,0.5291570037503647,0.4975816635817681,0.5112465722394881,0.4932113045633613,0.5099571959775927,0.4859517721629846,0.4677048990787281,0.4883889097622737,0.5067113220903291,0.5097700876054369,0.4898860174547831,0.5034661771665122,0.5006363081051186,0.5166198415340592,0.4825268121226093,0.4977514824396418,0.4978222668077732,0.4759991040730553,0.5070805880081757,0.5067019888551214,0.517994584539852,0.5002940661231587,0.5013170641280489,0.5175224146808219,0.49012931800997994,0.5122069918263037,0.5029540403554408,0.509259481731277,0.4913376889402099,0.4882792224241941,0.4786294581347851,0.4873361326378194,0.4823433298763096,0.4656776258773011,0.4866953096934928,0.4805046513323854,0.4929568853714805,0.4951344289016577,0.4928956064260825,0.499269122945465,0.5095018269999672,0.4983034901029907,0.4748019868172881,0.500412682698829,0.5027202506898653,0.4965658627583574,0.4957286761394255,0.5083286771307577,0.5031055394648642,0.4941948811368108,0.5027425978482065,0.4873960296124941,0.5031975472003075,0.5085661702698406,0.5219968781751629,0.4952406270545803,0.5247447869937681,0.4836467008056214,0.5187367672929941,0.4924400804613534,0.5030792830423139,0.4841051941005996,0.4909204340139965,0.4944745722729611,0.5010600865053697,0.5254433959793413,0.4922524785544216,0.4946526607343312,0.4951418191160305,0.5020736077690698,0.4939823242857606,0.4971719481412303,0.4836635651379583,0.5062882408161992,0.5162541406203461,0.5115023944649891,0.5216125421124223,0.5054404654895944,0.4973088098469553,0.4935158134998243,0.5005105959113492
2007-11-28,0.4855179045269498,0.499222456386569,0.497452227170937,0.5003793910266492,0.4733359716761324,0.4909570240164988,0.5297588030368585,0.5176189343271463,0.5091665272335429,0.4972506456889825,0.4862929429199777,0.5162596086247597,0.5086048587294472,0.5097126337926999,0.4973270358699746,0.4866057187133935,0.490723462698588,0.5308438500900652,0.4956506394876532,0.4763450506180241,0.4817619391024617,0.488237353904974,0.4916491420230229,0.507542654625061,0.4933052181080641,0.5139726564398378,0.5046089394845172,0.5263322707138094,0.4958078451127309,0.4879353268038305,0.5004463174558348,0.5086536169015021,0.5157407202085343,0.5357115524284191,0.4741351854661017,0.4772758333351539,0.4700816898020128,0.4918159835322082,0.4995097907425239,0.4882877031245194,0.5046639126001367,0.4967565662866836,0.5111665730899471,0.4914866980826828,0.4914055533765067,0.4946392799298396,0.4901777690104512,0.4993109527550229,0.4963511024147989,0.4911820310910266,0.4958034529263568,0.5048166197872491,0.4859186549792932,0.5076088823831061,0.5081861723437763,0.5138839706502272,0.4848373206216906,0.5480612446390867,0.51258383209625,0.4908305829336324,0.4989170306398493,0.5004300289149699,0.4812596477748966,0.4953057624024354,0.4757772194190147,0.4722337174157562,0.5070490596262975,0.5117607908619602,0.4947978652879799,0.5120953013921222,0.4862025114298794,0.4377146252060701,0.5293410462523996,0.5071420979882734,0.4721417173794306,0.5008293799117258,0.4903476881200376,0.5230575924292704,0.510883441701669,0.5080578384648241,0.4801549109545378,0.4665611248131498,0.4729052453483672,0.5068766299118742,0.5140301406710128,0.5099401940871343,0.4855707135962965,0.5070384796745604,0.5238417057411807,0.4640338102046244,0.496300650022613,0.500050747680692,0.5106573953230212,0.4712627985484344,0.522632055105309,0.5113723335914518,0.5173481623196952,0.4971813595237591,0.4867308231244426,0.5068238522096894,0.5093604063473277,0.5232291135270495,0.4904345871323884,0.4883760342596353,0.506198359457336,0.490095130442961,0.4991633720083122,0.5323158325976141,0.5101753129872505,0.4931248002566812,0.4892391405876777,0.4965928231062914,0.5204573226765288,0.5044137275119577,0.4888668918279184,0.5077421169560581,0.5060482122884269,0.4863162540920032,0.4936530219144501,0.4915061238490742,0.4950805480237892,0.4671207557255752,0.4767165219426823,0.5021486635477025,0.4975812278217042,0.496950828801837,0.4936434747105528,0.4806099014997046,0.4836727905608722,0.494573392197733,0.4934061929621451,0.5121235409785755,0.5006245020390636,0.5187867420448575,0.4718813792763388,0.5202958584714721,0.4804970112568631,0.5015141504502728,0.5073730198796493,0.5225283281804253,0.4837085129033157,0.5064763564940404,0.4894746133206884,0.5061848819945369,0.4843161994184654,0.5042825045184175,0.4881412310471019,0.5472179791734706,0.5208561730656606,0.4942614359492771,0.4928013922701338,0.5031772600591268,0.4811195996393425,0.4977886338591688,0.5039948236558371,0.4774822242112544,0.4986606598345856,0.4844302344685285,0.5288075998155882,0.5045809418238425,0.4909172808391693,0.5012219388500294,0.5097158212752577,0.483493806330859,0.5000762979308855,0.5057771806940153,0.5080493402637215,0.5067624672813641,0.5045846155646364,0.5246410850098512,0.5228833936230393,0.5056089097255368,0.4633271055243671,0.4939089609087189,0.5027715767472786,0.5154551133904178,0.4824477397897762,0.5048166197872491,0.5182394478678397,0.4870155754258329,0.4816664722164344,0.5040515991553843,0.5126307400328586,0.4891375362389613,0.4836203505641132,0.4999311165772621,0.5118918350366602,0.5103189336612726,0.5237413746635642,0.4807903509625175,0.5151477013947952,0.4979008350018714,0.5030107039525722,0.4932071940358802,0.5107273659510432,0.5263403115013464,0.4966209255793043,0.479917786852114,0.5097097508538356,0.4902932647928459,0.4886481542762595,0.5103883060738852,0.4799549340057408,0.4738864872059544,0.5124819529891141,0.4911812992904478,0.5139676382593945,0.4944919793083549,0.5024719598329696,0.5043943995832264,0.4881637521018606,0.4895661261512729,0.4943857663615446,0.4968277001400212,0.4890530825272897,0.4969703996798514,0.5134015400431358,0.4896537362792717,0.4918256810982524,0.5104682322129968,0.5139639527684307,0.4996003603175038,0.4955417403418272,0.489717832147307,0.5069547142371756,0.5118393506565168,0.5077204165818671,0.4943396177180479,0.4716770866328484,0.4845617009540448,0.5012147875162887,0.4911461915619152,0.4938800337873543,0.508746238768848,0.4918644731585158,0.5233287486829279,0.5160113786229196,0.501093321540754,0.4872600202655748,0.5024736458735574,0.4848671709121031,0.469521397653382,0.5055892441098828,0.5009453775922271,0.4808682579819701,0.4875862219568459,0.5057088643470811,0.507576360543002,0.4992322061942481,0.5027933827130341,0.4897801059468209,0.483609123081258,0.4784054896357263,0.4950109068201172,0.4913147336745975,0.5147351760499903,0.4821908127018879,0.502679061404954,0.474031454462338,0.5120600168394693,0.5216365304560813,0.5081978698707685,0.5002720085258645,0.4847776320286602,0.5043486887964421,0.4943355784504526,0.522283629358999,0.4807875097633944,0.5121281720172853,0.46342735101303995,0.4976013180399864,0.5089542798375356,0.4887490580976983,0.5055192144891174,0.4945157328293803,0.4717471120472383,0.4947579752395425,0.4777479519480935,0.4801928141175042,0.49816245696028905,0.4976618551090948,0.4784300995647894,0.5092853450372568,0.5140107775275456,0.4965315593059364,0.5069909684154124,0.4899998873431891,0.4897603840016729,0.4950269495278096,0.4903570840461045,0.4775163688331294,0.4809550884305036,0.5265221664800027,0.5009161402176169,0.5036961310449389,0.5338183652676206,0.4873114055414829,0.4782936971071242,0.5150500241104897,0.4751312490896475,0.5176927804012813,0.4804397931691419,0.4902183779607264,0.4927109891311743,0.4822736049038008,0.4928494453203366,0.4782182201333404,0.4967004158323066,0.4868057210046262,0.5227608795629729,0.4971947357816573,0.5044278188211119,0.5100645320219317,0.4984729206410195,0.4779404044694818,0.4894206030124774,0.505261247431314,0.5073326788177844,0.5172838141813718,0.48981834805889,0.5209681015855958,0.4906357597926614,0.499787491865116,0.4974973443652171,0.5233993094160692,0.4947513558106906,0.5125933350151918,0.5018524625259798,0.4909514856076472,0.4884100116401629,0.486737938173663,0.5112128882935894,0.5013137556309556,0.5057674712906353,0.4839626315233537,0.4895849231973592,0.501282632207477,0.4860465569008748,0.5356680865781794,0.4903851760166759,0.5122893979197063,0.49082146554426903,0.4861450397601608,0.4819287550477373,0.4987712754955734,0.4998972839505402,0.4946323702405617,0.4959819576390153,0.4942603984254171,0.5034534689679954,0.5036461230329771,0.5056593450189394,0.5027988562973169,0.4985940601652174,0.5054450779769641,0.4964863474711868,0.4852890784675791,0.4856478884902882,0.53468222655081,0.5288870966546843,0.5128927849708304,0.5030790123407785,0.5161527340358911,0.4955802640654796,0.4875227255115821
2007-11-29,0.493993255849453,0.5099222289899483,0.5065517299586609,0.4928228264303374,0.5159001437763421,0.5000458810258342,0.5044062981660817,0.4986090532636368,0.4889275804215491,0.5016005132823163,0.49364119245996296,0.4994320489044811,0.4941230052673842,0.501836447600376,0.5325287845961767,0.4618187158011078,0.5108822072208257,0.5070992976067658,0.5149552052721421,0.5201020943295614,0.5032069126801146,0.5097531405199969,0.5177180557026331,0.5297011248403797,0.5038960982195859,0.4934433772052483,0.4968337806419712,0.5188436513178274,0.4936743222907426,0.4818000239149197,0.4907143036304485,0.5053567702888234,0.462795989673789,0.5013442680251438,0.5088785580378269,0.5075296245360491,0.5009383562078149,0.5018060818909935,0.4800235751767032,0.4834717223059787,0.5173174882752939,0.4865719953758518,0.4753500573080746,0.4984800638080664,0.4971542560232948,0.4990056214951256,0.4860575104934373,0.5040181544873176,0.5084833191633102,0.4952700578398973,0.5144492075297484,0.4991255211748522,0.5225861763173318,0.4852013943352483,0.4975271058779284,0.5220078451853577,0.5316919292070881,0.4973128479468817,0.5193075736639631,0.5038284164884094,0.4986096071274401,0.4894042807458455,0.4905646626860232,0.4961588266280588,0.492265268167474,0.4955604390916542,0.5099269918938677,0.5060353786104455,0.4910963898163034,0.4940801914955117,0.495844366909637,0.4969528489234454,0.521782919919591,0.4850032569051211,0.5156803554281182,0.5111542219839207,0.5097767164751311,0.5126944560308846,0.5012133154817286,0.5056254100698582,0.4999834685143339,0.4783163786031669,0.4881934010010213,0.5151319662745444,0.4914958186438309,0.4848955735446037,0.4994884764034269,0.4937808806444298,0.4770039789613261,0.484868361508568,0.4910628373695121,0.5053884254752505,0.5245448434381967,0.5081113162706659,0.5264419507393672,0.4835935636620069,0.5035145359308677,0.4952967107108398,0.4830196494038311,0.5305026563098573,0.5000318021943563,0.5108228591077356,0.4833723980827411,0.5074277059364246,0.4854935681670217,0.5046168267221096,0.5009618651601164,0.503365691603992,0.4844492469983218,0.5042045296574191,0.4899367943667647,0.5100591104016814,0.5147280454001409,0.5130550141379332,0.4915574970115862,0.5067866085697771,0.5106985111864845,0.4969294649985153,0.5007416417258699,0.5194085758196623,0.4822343427470885,0.5132057250656222,0.4752083798985757,0.4802256853022902,0.5135253157000639,0.4935694216766527,0.4933867484560678,0.4797645132910682,0.5015606464481417,0.4950728624681599,0.5067200486751032,0.4980009810723052,0.5277351661701553,0.5117186153986021,0.5010464882979444,0.488619017572293,0.49606098952494204,0.5005290934997253,0.4934415026384402,0.5036128783559832,0.491697364539264,0.4779600419942444,0.5028967604774747,0.4904657473960816,0.5268220172105468,0.5111412035866314,0.4968043347820824,0.5305362718879396,0.5119560753913422,0.5152772971080647,0.5050009518472173,0.5046925835395886,0.4692201721562487,0.49493842975451396,0.4953295881934389,0.4873612582663911,0.5057633659884808,0.5026745651442462,0.5122846069930977,0.4862033812261531,0.502368422343914,0.5148340190475222,0.4983751880974339,0.5005784926656106,0.4990445503135438,0.5215597445293831,0.5057580078427627,0.4938282145883719,0.506007061871517,0.5184891477999811,0.5108757574806337,0.5024483100839724,0.4961089265961466,0.5296093705574983,0.505020558791394,0.5261829310434302,0.5004170638827276,0.4991255211748522,0.4984774821553901,0.5059887144280396,0.5105877304869618,0.4955460849895944,0.4916699492661502,0.5006849784510974,0.5090252866545115,0.5172996385125984,0.499301385600829,0.5036889113088739,0.485404327337471,0.5111722026793052,0.4781429488745276,0.5160390246183397,0.4921741686095879,0.504081776693243,0.5116896301597492,0.5221472287785822,0.4923944028586686,0.5089125090352479,0.5376781244360797,0.4885016552546873,0.4906213175628221,0.5165247475971038,0.5087012359673464,0.4992702966609051,0.4995602387521645,0.4807468402140803,0.5170834424076993,0.5037176787495642,0.5106909137549362,0.4994701442024417,0.4902763681889338,0.5022705845370198,0.4642924934080962,0.4871052722634195,0.5032203490093867,0.496377570764298,0.5171821756605622,0.5152350186726703,0.4922602151977364,0.4926177879026338,0.4977588205074057,0.479887246605982,0.4989528263127148,0.5034216041489764,0.5109244057596304,0.5087620983532212,0.5075149752140801,0.4533663410378552,0.5141935312017764,0.5118757724140948,0.4964981958559842,0.5047947731689609,0.4910427071773713,0.4944718679578013,0.5011424292316438,0.5049255545311395,0.4996955361416355,0.4883015876309522,0.4886122009512245,0.516982388574532,0.4742916638300223,0.4678286475305226,0.4973765407540728,0.4978529617662642,0.4856783535593402,0.4833752091651346,0.5016622147256724,0.5098493233471217,0.5103103883392747,0.5256815884911569,0.5111169653205921,0.481415194849548,0.5124447776754963,0.5420792998153892,0.4985023139699831,0.5100584322609786,0.508286875132339,0.4974446244175642,0.5428959277027862,0.4986339052516829,0.506798759397296,0.4928080740493926,0.5115851239850975,0.519123529904441,0.4981254685717367,0.4907041517791007,0.4930618909595856,0.4978232151886024,0.4888375012111411,0.4871549956463106,0.5016461649725896,0.4857116021324136,0.4921431782852239,0.5092370115864481,0.4961189797617792,0.5055233563212499,0.4894357923510888,0.5116641334907557,0.5049805827440991,0.4871727436412724,0.5069846751861418,0.4951381883232253,0.4953807879618691,0.4923366124332357,0.5040832288294139,0.4967275760989397,0.5030656431164556,0.4957321939479008,0.4927644022399872,0.5136449925947632,0.5074166712519023,0.4861267059106388,0.5247705557790759,0.5124521348049402,0.5051283055839848,0.5114230021246143,0.4789715549040055,0.5152125453137777,0.4835097189509314,0.4895212184276429,0.5006399621753399,0.5013390474827675,0.4868145354098895,0.5147445689765793,0.4848470551794167,0.4816004531687747,0.4950430828337379,0.4961118918504268,0.496970857042378,0.4905260436033097,0.5145763578019471,0.5008009614389216,0.5072296105146791,0.4973105770323088,0.512051223683329,0.4948380127199234,0.4667812615762656,0.4915367791215283,0.5168131737441983,0.4975776016285807,0.5002721074423461,0.4643109653656468,0.506129560756596,0.5169833544957974,0.5044204055059512,0.4922798322289567,0.5089266661281248,0.4963150395799324,0.5014182137973263,0.506282015558549,0.5048134503745721,0.519171985279114,0.5066341604507357,0.5004958037677051,0.5053456600452513,0.4993561989528596,0.4890112967021549,0.5017456539723427,0.5081160390661357,0.4960269526461515,0.5450704639908456,0.5012611624080132,0.528060036672352,0.4917948018027837,0.5129272053750604,0.5000499462274742,0.5081594811411324,0.5164129613528418,0.5019687335414577,0.5000825613807743,0.4907073359142777,0.5033135314267668,0.4798692889980586,0.5311899190804599,0.5109573328482339,0.4891121377888078,0.4888706201070062,0.5085645811966193,0.4857110134569936,0.5055572994518104,0.5352408592207542,0.5079422656212884,0.5020721974130053,0.5078880004012271,0.5045303318687997
2007-11-30,0.4863997505744872,0.4900146871045117,0.4835529634930754,0.4907783291922873,0.4565838970336938,0.4794956643282193,0.4749632626915857,0.4874539356991757,0.4803391917854412,0.48664031790057505,0.4809629777543954,0.4979245101426668,0.4932568921786567,0.4913467269662573,0.497794050036202,0.43606023764912144,0.4855932998988659,0.5120573924768903,0.4917285244004469,0.5061104777246626,0.4825828085405397,0.4802404227107732,0.4796873520505438,0.4741392903652178,0.4995817424728733,0.4962055992986105,0.5051670153213559,0.4688155509486551,0.4800738608601402,0.4712615911558045,0.4945630539961212,0.4988032087115264,0.4938938013113262,0.4894663476465536,0.4842186450040961,0.4635713518505392,0.5121585658329493,0.4934036543581809,0.47367530087972,0.489369928951,0.4780417456733536,0.4843323269866948,0.4775954160432845,0.5089062562795917,0.466212803981824,0.4809292029826375,0.4889733588474689,0.4973343670406406,0.4965985218652539,0.4927279316051964,0.4915915347165182,0.4977886806343613,0.4984685996831973,0.4812354845214941,0.4995280108599692,0.5006005315757566,0.4743989841262949,0.4917137945528824,0.4849613917906749,0.4858930999549928,0.5053003922418542,0.4830829320367776,0.4693232016296511,0.5133934557713331,0.4972042971390351,0.4809298973390641,0.4962613063063387,0.5058859560740386,0.4845776994317126,0.5001377842732377,0.4731127063378057,0.4764941734635683,0.4803463983906915,0.5001014849735504,0.5122742351815743,0.4862596278119366,0.4986377959601002,0.4872135784688788,0.4827497290340186,0.4866519495037495,0.4687281284063287,0.4815792851135298,0.4951589897308756,0.47538016054793,0.4938149260962297,0.4851171321294935,0.4844259350897822,0.4903296739747291,0.4909015279896859,0.4752934040701628,0.4561915428381058,0.467876272586215,0.4820651153412621,0.5052842506457865,0.4903431828446409,0.4770129740444336,0.4857209489502926,0.5118840604355688,0.4744130848812718,0.5007701189944889,0.488881131740725,0.5010100892907675,0.4820954663480039,0.4842643206605408,0.5067580696601929,0.4809373575798563,0.4958161862159265,0.4871647150577884,0.4745811882581365,0.4834238413094578,0.4891769673011532,0.47711547722404,0.4843303213269001,0.4803520391738374,0.4697024103137315,0.4725293229323951,0.49614732509154497,0.4568655327907808,0.4831357635297693,0.496061790891686,0.4946779903125727,0.4846809456163846,0.4779237570037985,0.4921506500567014,0.4958265497279514,0.4939799035459053,0.4911854985697516,0.4775714988258424,0.468487879888526,0.4731289928607117,0.5001003387291393,0.4839511325307772,0.4712113313496668,0.4565107167157254,0.4654030435438525,0.4889010057271334,0.4923962254690516,0.4910162741751466,0.4744900340049081,0.5001907859792251,0.4747255835408113,0.4966533725550288,0.5147705527597967,0.5027056704082347,0.470873457764473,0.5218090006333085,0.4878369487522257,0.4734515093521357,0.4611029727520515,0.4789462524579192,0.4879322242902486,0.4826414574419216,0.4798318321672078,0.4840067214112999,0.4903110456280582,0.4770994115171607,0.47734030692085705,0.4658729837025538,0.4830465416257031,0.4665315520110953,0.4855604295280726,0.4888304552053834,0.5004654333651026,0.5008348984659629,0.4749011181565525,0.5064467487808395,0.4886714995271028,0.4984589040618114,0.473325919134917,0.4780199757563261,0.5117127234106991,0.4957677438523187,0.502962666134578,0.4964520834345748,0.4927319062487305,0.4940354975292781,0.5024129738114631,0.4977886806343613,0.4994142900941874,0.4935608702572841,0.4918586698124227,0.482463622230045,0.4706896081245875,0.4732049029185917,0.4949846591873341,0.4840673613261127,0.4982682596662158,0.498468607438091,0.5001693271578932,0.4659468965827269,0.46958786146852294,0.4775174524371104,0.490656862914481,0.4949004546644766,0.4880603782864622,0.5201345217448291,0.4881708812218532,0.4842441563204863,0.5066421768176944,0.4819010002420643,0.4546131525916129,0.4836891952256483,0.4986863749156549,0.48303300894869,0.4668811053639693,0.4792683891045323,0.5026944742059793,0.4640094147297533,0.5032698621930579,0.4856870391084903,0.4938412818098538,0.4474734062403872,0.4762161024585285,0.4652209292299064,0.5100923447585504,0.4956873570548818,0.5009539353236183,0.4999227724100655,0.5025444277261636,0.4762763932407569,0.5122521514007989,0.4843582734300238,0.4787831864497695,0.4886087756600708,0.4661685034411817,0.4607865643036104,0.4426184553068321,0.4976308169424668,0.48159360901418,0.477170548299965,0.4695096072956312,0.4902312618306504,0.503943382753559,0.490913731884958,0.5034347071617588,0.4850510320529842,0.4504254767294976,0.4566873809479735,0.4843974343164186,0.5093721408809133,0.4924489261668187,0.4984041459779146,0.5024009874653318,0.4895329973692283,0.5062398974847592,0.4944579449261233,0.4802697149478733,0.4742208408347644,0.4858676852187787,0.4986289169073383,0.488097438992312,0.4660334708844226,0.4756151183231246,0.4991465053348319,0.4929035669812992,0.4923107469844856,0.4838918708524698,0.4821900887380395,0.4764432999909979,0.4800129022469218,0.5226085363641398,0.491653632150389,0.49926473319838205,0.4804158221523417,0.4866178616604439,0.4863336331700456,0.4632637770666294,0.5008765236867767,0.4893248539929644,0.4923803973679378,0.4884235673709639,0.4807276283128654,0.485346975905725,0.4798081942172445,0.4666184566075319,0.4897750096156652,0.485394712425669,0.4794962351059768,0.4946872052180693,0.4760491624808274,0.4784067773253022,0.4978357198779088,0.5047400834371063,0.5059772050892059,0.5153088356880835,0.4902615278222275,0.4945825033564099,0.4717066772293213,0.5041110621457745,0.5163618506912879,0.5182869688450805,0.489876328404127,0.5058728298613276,0.515216758222243,0.4846401736013859,0.4973631946068932,0.4582876678559856,0.48610548572601103,0.4847978496754515,0.4734358021578026,0.492442202873393,0.4707256472335562,0.4608010519630926,0.4907058437121241,0.4716619536145577,0.4896268392083367,0.4712518475271606,0.4628978480823238,0.4906153664507275,0.4692703002089055,0.5004842134657141,0.504464209545119,0.4829946567249155,0.4944572602473029,0.4603146439036222,0.4910349681181007,0.4792428197447874,0.4851370675557442,0.4776098869622671,0.4829598372531746,0.4883341344750194,0.4915747799706634,0.4702706285970011,0.4728654295955985,0.4916157813648859,0.4588831177290538,0.4888896874671981,0.5000667439260974,0.5057854161839034,0.4461961247185693,0.4862557160266634,0.4709543711099829,0.4876603393964867,0.4997639747450959,0.4724751939407942,0.4658967639093621,0.5107835780030571,0.5006126472692141,0.484037010545168,0.4815486319589554,0.4874107123752981,0.4924176004812475,0.4698597394685837,0.4879358049882578,0.4686933101880902,0.4767457462698189,0.4818484783316603,0.4801604457774199,0.4563523973289811,0.4867139323648621,0.4908930725358988,0.4898510508362069,0.5100472012274584,0.5103622234345635,0.4914737641122944,0.493018255600954,0.4816156489201665,0.4912474887977191,0.461926332541464,0.5087912771980854,0.5010009701032172,0.503351453460941,0.46220520078609795,0.4858071613278711,0.488930356292644
2007-12-03,0.4950065486811517,0.5140717821065034,0.5075165181616488,0.4893338707856445,0.5141037832520027,0.5093984903652137,0.5215918981178778,0.5106807956690748,0.4984550529976234,0.519761560416171,0.4926168545648692,0.4881849448649686,0.4931895839801493,0.5032560619643918,0.4953686404852219,0.5007415140944965,0.5062157132182996,0.5063618830559633,0.5058128525102706,0.5096909747255567,0.5069343013150103,0.5253863906889966,0.5302513749312746,0.5116569956638566,0.5122466659680069,0.505697272699245,0.5127813508166276,0.5089812293764454,0.4822602522450775,0.5037179596347237,0.4930878145468735,0.5415699793689468,0.470015144454169,0.5004439077006506,0.4884945601357822,0.5247118019016517,0.5045722529446108,0.5130463609353979,0.5174254128374257,0.5348892513686649,0.5100450570103103,0.5038659988006885,0.5092622908244039,0.4899442346046056,0.5213521621989853,0.4961414899264631,0.4953330633753882,0.5092585232981817,0.5062097692205411,0.5058271174113557,0.4854006044437498,0.5230730243032763,0.520720598492147,0.5344698104510021,0.5135451221646602,0.4961852753323527,0.5125020634381531,0.5268315454941888,0.52190387237898,0.5087516261449211,0.5109013760216452,0.5129644802042606,0.5073831044429103,0.5046772836345234,0.5208681198177245,0.5065656346935121,0.5149311724063818,0.5067472565638251,0.5203092110384501,0.5241072081933923,0.5047500491228335,0.5226332418733315,0.5223066123364577,0.5226044972687923,0.5378843541800878,0.5149393045421622,0.5074080406853931,0.5164684241709298,0.5091841746886785,0.4744700533750893,0.5242644128587719,0.5123114761246561,0.5336953864962555,0.5119840811102018,0.4952948915573066,0.4843821316603752,0.5039713179070017,0.4943648069572281,0.5153177635160786,0.4996441644881213,0.5030732115652778,0.5133950966737822,0.5059262244990042,0.5086382498115855,0.5142807891053442,0.4962852934774562,0.5129110257710304,0.5065708228704662,0.5056404881731095,0.5222228132609675,0.5004543798494431,0.4883277378711256,0.4960576067604126,0.5045910426986022,0.5125874713897044,0.5139170595721451,0.5125128744123068,0.5339407011506034,0.5133811427351249,0.5109237661172572,0.5240671146392187,0.5176895955680013,0.5105136433766868,0.525133963564548,0.5018781237241658,0.4983978055008625,0.5131763418959671,0.4970948698498142,0.4773060234548173,0.5260316434789408,0.5025702864460212,0.4944223900123574,0.5000575508433017,0.5235908912410218,0.5344656004185063,0.5293046480364475,0.4923827442363447,0.5165233545974232,0.4876425319528139,0.5219779288099982,0.5230290780803442,0.5119378149650274,0.5011151994276347,0.5145607418201871,0.5232975354626112,0.5116559553731639,0.5064036208991577,0.5156511531542071,0.5016602946490718,0.5267432702241739,0.5089449463369459,0.517694751989669,0.5068287705519299,0.4998484476469497,0.5132161320894448,0.505538283999648,0.5177757160126708,0.4847106512085794,0.4733678970500743,0.4927640822347055,0.5004853997476908,0.4805725725926713,0.4988586095239272,0.5056169823806166,0.500487298870589,0.4956356261244464,0.4807925725300824,0.5138539051818494,0.4942425507843085,0.5023625443034734,0.4884663404208295,0.509559666520088,0.4895521219105054,0.4943514254191394,0.4948361350536555,0.4952689372817253,0.4981793112304493,0.4995475635501503,0.4750017507519571,0.5251035644861561,0.5180558141554021,0.5027790003215827,0.5468782080123746,0.5177926471419054,0.5035449027205012,0.5029712742651856,0.5350410143039127,0.5230730243032763,0.4916614006039054,0.5125468134815444,0.4930663521579941,0.5023410175229696,0.5085654195939638,0.481631129116096,0.4950732363517329,0.4852603968195094,0.483498760014892,0.5332603697705143,0.4863125854185449,0.5092609671310457,0.5013656210290317,0.5227957095338029,0.5437760772873486,0.5113688397841578,0.5124597339854602,0.4967935404437872,0.4970336840438594,0.5037698053675504,0.483784152706439,0.5073061535691065,0.4926910127401933,0.5201753245437959,0.520722197840068,0.5065530355703182,0.486213674185635,0.4906011243228786,0.5065262170162671,0.5166654494967774,0.5176475056236374,0.508967414077437,0.4958312718997511,0.4934336661993114,0.511305894969488,0.5061272366825055,0.5197299632585167,0.5294999795036139,0.4938138209688712,0.5151675206434644,0.5024207345678832,0.5148124705571968,0.5032037923545611,0.5083980515406167,0.5189469620080644,0.5006387252321655,0.4786744591635779,0.5065939732518054,0.5216543607283385,0.5020073413399151,0.5243809640480889,0.5193742757955536,0.4906673249939436,0.5082013409924914,0.5026356231051236,0.5084103248171737,0.5394995605684407,0.49088732475504704,0.5007417858102233,0.4826136422082095,0.4809558637032854,0.5142882981818627,0.5130954774016363,0.4796951733737436,0.4879595893807985,0.5025819052257995,0.4891715391689791,0.5135884815506773,0.529272421284944,0.5128623872755521,0.5288077568381019,0.5218612762452349,0.5062995126320166,0.5246821458778504,0.5079865967898105,0.500028182615147,0.5056088052932856,0.512682303613079,0.4863590400286362,0.4960327940450664,0.4929397155371614,0.494240352607973,0.5178431656113008,0.5007600006580738,0.4963400991662956,0.5138169639794606,0.5320835508543099,0.4694089321317844,0.5151131503734019,0.5057923265686365,0.5097089765706917,0.4923312942073586,0.4785217796493207,0.5198099817210686,0.505877504067181,0.4968679216391072,0.49793442752184897,0.4979827931846057,0.4927782910119501,0.5147889606198197,0.5256178591064721,0.5083478137449534,0.50090579640979,0.509190909857122,0.5045991999587249,0.5052599048986152,0.5075099699232267,0.5123423978177026,0.5213894175119808,0.5167142384125955,0.4809949009811373,0.4940857890805786,0.5373865052509301,0.5023264552831791,0.5207158179564866,0.5301912158025004,0.4844196309049729,0.5135016783132341,0.5056298668765664,0.4919005695271851,0.5069484744180384,0.4866235804336509,0.5044318427246357,0.518033970387669,0.4969388094502665,0.5263264194896241,0.51354762890307,0.503882871240093,0.5021327751697301,0.514997752528604,0.487354592777601,0.5164404195889456,0.5112731687520455,0.5085471601830601,0.5038921197792602,0.5045808953595936,0.5172785807003539,0.5454722585974185,0.493117881577957,0.5272092624472018,0.5392205214809485,0.5200669533480076,0.5017400095026573,0.5145828236596397,0.5071429098356822,0.4599268811939866,0.5181042777450579,0.5142889466891902,0.5044187990729068,0.5132523494301272,0.489009826550252,0.5145907395636471,0.5020281874202074,0.5137303059956484,0.5079389965029573,0.5148050508411839,0.5082934250365665,0.4924026347191924,0.4914735073692363,0.5004997882949139,0.4977359712684595,0.4762284303274178,0.493438845731201,0.5129622490201249,0.4952573912531846,0.5127415106892479,0.4892816701009599,0.4970354337122026,0.5119005286418201,0.5215790721120385,0.4907807048841979,0.4851189936332119,0.499792432076238,0.4904563322590053,0.5131300672761491,0.4959940336197838,0.5212631195609064,0.4919781997549805,0.5060410233070236,0.5030058714922184,0.504522673774563,0.5301902411874808,0.5375344918268513,0.5118086668974189,0.5080656617213517,0.4842911759477143,0.5180212939866158
2007-12-04,0.4991328973893563,0.5012313265729831,0.4922822787676331,0.4922287375149205,0.5143602608192213,0.4912465334941506,0.4882657112454096,0.484832264578964,0.4920127064707471,0.4841707385791628,0.4944586192091152,0.5048656718118024,0.5042445517214802,0.5089154562614361,0.5022775698792245,0.4734024546317657,0.4901798043983484,0.4985351547849661,0.4924816718343592,0.5038620870704525,0.4869248812306474,0.491951481140199,0.5044876971429827,0.4982787017564858,0.4956988730014334,0.4881063023217115,0.491438316876229,0.499155907008456,0.4900267562586852,0.5089727580090473,0.4932678130002899,0.5026866687530609,0.50068935202994,0.5224550900060451,0.4687895164578874,0.4784858255802743,0.4873367381790792,0.4969560877039505,0.5003921132628777,0.5100403956013857,0.5028164462491418,0.4816056122927238,0.4969033060321802,0.5022919621414775,0.4773130775985271,0.470565163199148,0.4875724850905717,0.4973921520765991,0.4838831402761238,0.4934340605843585,0.4853651460199844,0.5040350475558023,0.5107776465135171,0.4946289654525233,0.4927220627384958,0.4878844410316089,0.4759517445435284,0.4955454758826791,0.5134737591578409,0.5081341651596337,0.4951597262521188,0.492978582210912,0.4896410344382884,0.4795972504224532,0.5038637922593873,0.4939484193978908,0.5015916793129277,0.4758056577297253,0.494378718248384,0.4940881955270657,0.4820541887062995,0.4887380040972605,0.5133606281438293,0.5086965738168491,0.4844544501307669,0.4892875144261997,0.5071505731614855,0.512969598694849,0.4811482929852978,0.4720986878063155,0.4836563427086154,0.4880347951870626,0.509456487139442,0.4977556709789569,0.49352707279109703,0.5012343543211373,0.4920447894290861,0.4959411673004915,0.4919305583138294,0.4822322053438734,0.4920441542800209,0.5075204048787714,0.4982705121425072,0.4830802842557977,0.4870597554556931,0.4827681885715024,0.4971162636068554,0.5105461577539503,0.4836670178504863,0.500162457223452,0.4922133118860068,0.5141764243805982,0.5112589343236282,0.4923285447846165,0.4997050198782802,0.4871449055969901,0.4895551235086108,0.5008400132629383,0.4902495519244507,0.4808159144053943,0.4858311017954072,0.5037026086241834,0.4948040312327396,0.4907317429775981,0.4936217825804995,0.4937315439619915,0.5013021336206818,0.4982965743063114,0.5031986575440127,0.4939869670391641,0.4955377807967584,0.5225235985794638,0.5055190863217998,0.5008057711492908,0.5119069092070148,0.5057110573311865,0.4873304007180269,0.4931013610653374,0.4800476560512532,0.5024965502431973,0.5470495292806479,0.4910196001310152,0.4758196659769738,0.5178959609033228,0.4859374548626199,0.4766074584055118,0.4840475948669147,0.4988556391268776,0.4976292101295853,0.4878524978253622,0.4813524245809519,0.4955124073128418,0.4857080765527079,0.49744486129278703,0.5005676443119492,0.5161967812428357,0.4947495940673576,0.5000702515198849,0.4910857977675536,0.49879878894237706,0.4913273320969917,0.5177990286936583,0.4849340399064638,0.4847890200716656,0.5013259021903695,0.5078370227005605,0.5015404876771662,0.4884271632072656,0.4871406659532829,0.4844308282527544,0.4875069786739481,0.4943262154039758,0.4956980330465223,0.4871374954598808,0.5083144263637608,0.5011233399778842,0.49791360576645793,0.4970407262170341,0.5038210261251171,0.4975454617536253,0.4926090008039651,0.5086497723369978,0.4932961390309796,0.5094235563964712,0.5090155234743265,0.5095243230770026,0.4975190738009429,0.5040350475558023,0.4961060964991552,0.5070591825854269,0.480082137042487,0.5063345149867565,0.5025825498007994,0.4889993202253601,0.4955110582096248,0.4976877372660253,0.4806486490790951,0.4985264627432868,0.4985370787364362,0.4810143085842805,0.4951273432198344,0.5042927139711251,0.5020331980141691,0.4997340419155625,0.4982686064341007,0.5082535114009971,0.4940386687171085,0.4950551886684545,0.4941177124715678,0.5114306582132848,0.5061098657214088,0.5015587471533082,0.500094270884878,0.5296422069891376,0.4743439446409914,0.4905538467830584,0.4964242228474937,0.5063524721714903,0.5127215016389978,0.4957591055483706,0.494670512219502,0.5034777734346222,0.4947460923576115,0.4914145921588324,0.4886336499490722,0.4955048191487051,0.496586165210439,0.5143370765529321,0.4746611424121374,0.4972858790998291,0.4849519605993215,0.4858997430711261,0.4791137238913111,0.4778052951379698,0.4975927937348276,0.5152457086068863,0.481485786828704,0.4900830054721193,0.4923523023043293,0.5016456765816598,0.5215418296798598,0.5035797131517549,0.4800279495699002,0.4998388828352218,0.4862547910763607,0.48504490037056497,0.4863707205465478,0.5074986105361072,0.4875397657643223,0.5025031502779314,0.4897967936677878,0.4709784647274392,0.5049980786726096,0.484601289668294,0.4973365152615472,0.4836995717572707,0.492668314982766,0.4818976157218074,0.4910981351964923,0.5070644964986479,0.5186218673868164,0.4737468989542992,0.4873232291874386,0.5007872155111449,0.4885986774421994,0.4817882389474215,0.49124144135269104,0.504956116693464,0.4899202811502912,0.5034830127609354,0.5140680655903875,0.4867525234898708,0.4783143512272148,0.4888645695675252,0.5069781904397762,0.4893266459453056,0.491861723074053,0.4907068094160495,0.4927671972910495,0.4981189660982727,0.4890691063887386,0.5090922271611346,0.4872428784904093,0.4770267402471991,0.4924468392935478,0.5009840527390353,0.4952299889408192,0.5048352355753506,0.5024163406450146,0.4989446281086272,0.4920762616587249,0.5046118716359838,0.4999847339354774,0.5060019933772588,0.5152915298438009,0.5024447226859216,0.4942528783092323,0.4748392073926538,0.4836715039983788,0.4973901476201851,0.5160691790028512,0.4994665542759,0.5026552196178559,0.5220238770768364,0.4736455756118211,0.5098124663496351,0.5048412787603472,0.4989867876199522,0.4832044919902434,0.4880358540804637,0.5046896053695329,0.4974500821673725,0.4833518725168013,0.4960859979786916,0.4862093441905407,0.4977344843102085,0.4686229464764436,0.4899545863384277,0.4888521596226592,0.4926952602564328,0.4952646658416959,0.4999434028518105,0.4911881371505926,0.4978271504189881,0.5015201530678703,0.4903941551996825,0.484287045049146,0.480585611113715,0.4915480022006802,0.4914159798506134,0.4952110641710643,0.5022733570332477,0.4803760021760105,0.4843516524452705,0.5130076663535957,0.4830210687417901,0.4914981686118528,0.4939302426600421,0.4936613712529721,0.4871356737356009,0.48754348807618203,0.4792856105742647,0.4728958427467197,0.5040920369220616,0.4802703808487074,0.4902403088783256,0.4964883574227033,0.4941074896319965,0.5129356891424527,0.4982806486652319,0.4912510220491786,0.4904010471199738,0.4716520189258391,0.4887029314647951,0.4887513910714584,0.5056958072562082,0.4898517285514855,0.4993185852439729,0.4957305275816829,0.5152957592702931,0.4994951039949378,0.4935165095328442,0.4863536598425565,0.4852323553354296,0.5038881256879935,0.4865809448881897,0.4910188135192493,0.4791675046848563,0.5162470551503289,0.5048353201477797,0.5269659066343877,0.4952423814458824,0.4993969642830451,0.496993797689833,0.4755950365349483
2007-12-05,0.4995193524920874,0.4946901266802831,0.4859928134577435,0.5027738842199401,0.49878023706276203,0.4982827544373195,0.5049640764469896,0.4997157230109529,0.4881317723175536,0.4986330494968211,0.4951020889106933,0.4932764496294895,0.4876619925088078,0.4834170320487243,0.4958050681040763,0.4864892300779178,0.5013229668619309,0.4853811814555056,0.4784337340354062,0.490963062523462,0.4985783574426626,0.4899279416482705,0.5013163230365156,0.5037773801706397,0.476313868506753,0.4782373003744457,0.4960772683785767,0.5097373953186277,0.4935588721415442,0.4672726239329226,0.4916803066407381,0.4979244608973908,0.487013998288467,0.4905814158655509,0.517955120089142,0.5149877166579968,0.5108619111156617,0.4929607627387213,0.4962314234412549,0.5016492264092981,0.5082193189289181,0.4888129502535149,0.5052165993695122,0.5049298371351485,0.4955169041946347,0.4745277941128218,0.4962137687764007,0.4976828746533933,0.4686909056782884,0.4910800175839513,0.4685379720286209,0.4870987481779184,0.4994180976045896,0.4954743911269993,0.5009556638996651,0.4813797792512284,0.4865951522361574,0.4974933305155361,0.4738957178140765,0.4768370419652392,0.4772123755715933,0.5006490124328881,0.5045699556271249,0.482080283003022,0.5149649319999257,0.4874329836446897,0.5023461607259044,0.4763235497411194,0.5153833878225794,0.4666150316877187,0.4991371793058708,0.4994922409553598,0.4887850297511552,0.4767694092812363,0.4854519659931872,0.5001459463408227,0.5088305162984023,0.5005145684748622,0.4936370047028904,0.499265420410861,0.4799396687186845,0.4871542613969237,0.4707707970278697,0.4939815540792679,0.4869119717748204,0.4867659121707854,0.4947407912218123,0.4863063112901509,0.4965647075720486,0.4945878727540041,0.4908847063647262,0.4847958221576218,0.4905356225735807,0.4943945551038138,0.4945585384727162,0.513002002196354,0.4953849387469818,0.491429817051993,0.4781392933610981,0.5010508771912497,0.503328668604452,0.4971848802655779,0.4902645645873237,0.5027737113574899,0.48282377878099,0.4927720400345417,0.47993049314402797,0.5075989120960687,0.4917789492951876,0.5050597517454972,0.4910263116171234,0.5128437784886757,0.4946563997767643,0.4807026234088315,0.4899396845122645,0.4721894554761396,0.4966464742944361,0.5069185558870914,0.4736789323258853,0.4866771882709927,0.4854473562301714,0.4847205393494445,0.4972180339278172,0.4936239243600941,0.4707385779786446,0.4980635834625819,0.4840729084241253,0.4884142876391337,0.4801280339542966,0.5070876351344692,0.4995062626945505,0.4767236662582394,0.4909768360077854,0.5081291750850269,0.4850608094470122,0.4922586932187959,0.4951874599343493,0.4954642579051498,0.5089667405011697,0.48046287938900606,0.5010336362453165,0.4821418038480508,0.5249452604182966,0.4888290393150666,0.5101927147616577,0.4909421337398857,0.5015623793417338,0.4773194677408094,0.4959689937585148,0.4892664669085678,0.498440414407473,0.4605375927391001,0.4900055996369776,0.4859736231977334,0.4976280251168709,0.4881671325805785,0.4887318540079867,0.4741199015305397,0.5077515095805593,0.4918914477832732,0.4942108522098131,0.4939919369665699,0.4987206057479546,0.4961283931069938,0.4801001166865699,0.494574869578149,0.4901074394120978,0.4843147542074938,0.5027920130102571,0.4912449645666957,0.4959760764063938,0.497495993347872,0.499107570427187,0.4991484107512987,0.4937117005728214,0.4946016870725005,0.5002589858862718,0.4870987481779184,0.5007501052940778,0.4998975271692376,0.4798636567837696,0.4928349637290947,0.5073718634251203,0.4913983988197274,0.4941428553495955,0.485096424709255,0.4821196148073694,0.4894193667718583,0.4970043289185534,0.5173992455275722,0.4944058509495186,0.5380076763328465,0.4912129994355898,0.4926511157419041,0.4901729916875467,0.5036979227633469,0.4976607696922933,0.4956873361606374,0.4980650452323453,0.5069551708559975,0.48887586009818607,0.5415790980456907,0.4823668697705297,0.4876050806388018,0.49901624796716,0.4950189390561872,0.494796343806929,0.4792965488261955,0.5081188993867867,0.4670709684861622,0.5090131752841053,0.4903237234410471,0.5081147641273498,0.5037642715736688,0.490105997199629,0.499812771120773,0.4947966641835361,0.4839282235814325,0.5291282615075261,0.4761095123200326,0.4722272294578962,0.4810556048184037,0.4740040993548237,0.4737522185745057,0.4784150274433573,0.4974758426348875,0.5041577147214359,0.4929115736568419,0.4990590663213408,0.502519804559551,0.4870363105091348,0.4776131084026516,0.497996915631445,0.4863409933139599,0.503590993923636,0.4869367897792148,0.5011193168238486,0.5118538220667398,0.4901573341695145,0.5031276899283593,0.4852548198351347,0.4995742571149686,0.4956286489306358,0.493077720181549,0.4868339066043117,0.489115519846518,0.4859607973599064,0.5059828260314208,0.4813646612624277,0.4908538857067146,0.4842781265785409,0.5173401506165781,0.4658354379158208,0.4949675094424604,0.4818435416963135,0.4822576150926537,0.4893673939632008,0.4902461082231463,0.5009677412619519,0.4936318602201062,0.4996397060757178,0.4886808303074172,0.5065493358463387,0.4896567248373621,0.5111674175698363,0.4881959474414498,0.4872013598130501,0.4926022195321675,0.4979734518649229,0.4897730019594129,0.4991471033129832,0.4922721796903974,0.4817916286019768,0.4831861846343346,0.4916376721461092,0.4966033175983786,0.4861083038226597,0.482139756273511,0.49690924623988597,0.48536941255163596,0.4904936738946588,0.4839536864009107,0.5131368358277031,0.4959249098172012,0.5007432106392132,0.4896073189055283,0.4893129684110305,0.4873266917159385,0.4980830311857132,0.4938072067628115,0.4915930830457878,0.49284009612971796,0.5057337660504053,0.477756733830258,0.4824509077716693,0.4832826816566417,0.5005300079811956,0.5103316577581879,0.5107019886285982,0.48813613963522295,0.4987901446430719,0.4889092762005535,0.4862901169132127,0.4895371960241007,0.4833298552482185,0.4936843340637717,0.4858813785630526,0.4835919949437452,0.4896665955302426,0.4902320684049182,0.4917322607289124,0.4798061927977139,0.4896386649743477,0.4865084686100706,0.4691061705561151,0.5207003260940761,0.5011433047436935,0.4881307114425278,0.4919906629949597,0.49960732997359203,0.4953641556393889,0.4786654872429952,0.4834459102301088,0.4921942715094886,0.4862146911739809,0.5067400443945017,0.4963827474887498,0.4863351014583058,0.4697168996953961,0.4962004562604062,0.4819702511012756,0.5098964243266837,0.4731599237504932,0.4871024326166731,0.4929964542043449,0.4950085816360011,0.4932176269626626,0.4949127281780029,0.4961891086051511,0.4988217763033418,0.4797105673465825,0.4966953310883402,0.5232760803452654,0.487470948578936,0.5135358881918038,0.4981855209988261,0.4909621405415459,0.4743965211707902,0.5219910266836599,0.4772022693310735,0.4830722692408964,0.4950816802388747,0.4780239769709982,0.5211390466655272,0.4822733696988152,0.4930155583287907,0.4875121983345234,0.4927884774079396,0.5080759672385893,0.5015618494658536,0.4999492888025058,0.4910382946753341,0.4865133667775097,0.4981960430665846,0.5010468696653091
2007-12-06,0.5001953463116424,0.490891354702913,0.5031919807116767,0.4799340087823515,0.4896003155788402,0.484713155699889,0.5186458597065089,0.4740521778961248,0.4891173460458114,0.4930187692716577,0.5007819131136337,0.4834897440326719,0.5001645392357336,0.4838753945248706,0.503350617234258,0.4762734898655163,0.4945242495036681,0.4832269881663895,0.5026588531461462,0.4949122496999957,0.4840774690494022,0.5080852718210113,0.4765598983284278,0.5092738100422806,0.4889261327271654,0.49517664038353293,0.4996073829161961,0.4871239522499081,0.4537273115305195,0.4768376805070353,0.5059968452327522,0.5303340060019986,0.473312160611939,0.4911044823747349,0.4754895674962039,0.4988106664426582,0.5115052888865934,0.4977872545835064,0.4952871893080811,0.4979186635594026,0.49527734532974393,0.4862537710581885,0.4940886296837684,0.4913322862555574,0.505088268001122,0.5010244132397217,0.4990931895998049,0.4906709415429797,0.4819381390047711,0.4983225516004268,0.4912808409349134,0.4989214124923509,0.4912953990415933,0.4891832938347772,0.4664258635186686,0.4831863668107692,0.4732276956891305,0.4805826867112018,0.4960543786583941,0.4703113834146306,0.4940976666670912,0.4917552068875941,0.4817257393211396,0.4932821517206033,0.5032622760070216,0.4703139042195974,0.4901333969295387,0.5056934914146319,0.4780688983648452,0.511230586858307,0.4542968773311702,0.5037754897276395,0.5088093121473685,0.5070890881685313,0.4957704098269482,0.4931568463711717,0.5017751030749773,0.4830510327280079,0.4924897890960138,0.4999909824563459,0.459974717362694,0.4951791007884731,0.5102384447213986,0.4871655696511876,0.4969152066073304,0.4916737592009257,0.5002478001459059,0.4961110647140848,0.4782882447753709,0.4589647755923325,0.483124047515387,0.5033391131337853,0.5032765198514222,0.4838364737961031,0.4976949858680001,0.4803676734839647,0.4897644647109403,0.4728232143508833,0.4893278934357825,0.4907660574437287,0.4984447826925527,0.4941919295143838,0.486529790955319,0.4938128321793968,0.482649848897832,0.4943948634884219,0.4870207538828474,0.5067423450632458,0.4927007261677381,0.5054088640886992,0.4746711254514283,0.5206360858273661,0.5007920645846787,0.4910000486948894,0.4929932229408118,0.4640470888131168,0.5073224596974552,0.4877087455517406,0.4871525239064923,0.4910781991186958,0.4910862820651608,0.4895608631133096,0.4884081525944592,0.5109622468272621,0.4917691481908781,0.4996779967341158,0.4861599129826821,0.4812861847297834,0.5157830825092528,0.4884384384500553,0.4975648849428763,0.5008598634693421,0.500385233669593,0.4907363109412449,0.4871198332607244,0.4673235223278568,0.5016973229900099,0.4918662076531646,0.4932685631716107,0.5077022157902673,0.5134015803172678,0.4890964884998057,0.50073002887217,0.4713577185106392,0.5014695031950004,0.4990115266861288,0.5112247078557256,0.4994076826738086,0.4944589558555151,0.4920134963992456,0.4929248786276338,0.5160901594348509,0.4800304674953373,0.5069449515148453,0.5203557864202275,0.504178945181078,0.4870577669996073,0.4939843011061997,0.4880733890174009,0.4637310040715501,0.4896465171578917,0.4911665884117413,0.4940484722413728,0.5230756375240486,0.5141970347601705,0.4980700695048551,0.4975418056336814,0.4836360117332801,0.5095827102996394,0.5193178425905195,0.5194214267332509,0.5162983491342156,0.4879184042215939,0.4895780594815213,0.4905782326965119,0.5126959397600325,0.4889320346600818,0.4989214124923509,0.4727505195402693,0.5000139927573478,0.487058721833842,0.4900252756672631,0.4914100825341433,0.502242915511399,0.5107083198908284,0.494080395600305,0.4997061269673971,0.4947798746420018,0.4845542872073827,0.4984915208541893,0.4811144925505789,0.4984040706821251,0.4957692251613803,0.5039856652976424,0.4951256303421053,0.4892820809549173,0.4951613702960624,0.4972435274276466,0.4966785992277935,0.4908760493176516,0.4887734306245286,0.4991504225313275,0.5027934029669777,0.5062844426031203,0.4606952593079208,0.4920807228935475,0.4903201079977248,0.4589342575274126,0.507906899114004,0.4997357821637519,0.4878369637815028,0.490465783923023,0.4681158312320468,0.5049835536479894,0.5040303404541835,0.5129406451305951,0.492578230995136,0.4881875466773271,0.4917946346833179,0.4927035149633682,0.4870347804054511,0.4993972172395874,0.4963369102398671,0.4769232312667022,0.4976959994623243,0.4939251013779776,0.4824052291438308,0.4949330585978281,0.4961686457929482,0.4968007120434073,0.4893434880553917,0.5038608424862576,0.480542877263092,0.498397392528897,0.5024464850619924,0.4957693961661235,0.4642022036332029,0.5094479852322701,0.4836847016356082,0.4866518698165051,0.4885820321567164,0.4802045436636624,0.4835398930626032,0.4952102000885778,0.4841216113570175,0.4954140946994389,0.5110695670876787,0.4639154259114054,0.4867278258587915,0.5022923582778276,0.5001592278533751,0.5007999752589117,0.4973815989988638,0.5124318673232251,0.4832334809940511,0.5046582702321676,0.4937502384061512,0.4922382364016225,0.4937443568425349,0.4859226021454038,0.4994462306439474,0.4763674373832397,0.4995488294110686,0.4841417171979819,0.5014894803572375,0.5068780580877215,0.4644785239555509,0.5050267573685663,0.4965185097664795,0.4872998321244936,0.4927420921574097,0.4893132316942952,0.4900963676083087,0.4823336010172097,0.4884868524235864,0.5104828412219468,0.4756447952544178,0.5168601651804147,0.4798020602783917,0.4951480505811571,0.4909045787178139,0.5131343213178549,0.489776568641681,0.4916108189852411,0.4963351329475828,0.4902215603512766,0.499654199741779,0.4809803930924327,0.5051069397985468,0.4936631874994363,0.5222286179707004,0.4765716950358544,0.4846348609847096,0.4822632236831113,0.4927069712370347,0.4859497153703549,0.4869493317823105,0.477517279651543,0.4703189210145826,0.4685993614245583,0.4864112127987074,0.492050493315397,0.4965651063215224,0.48204770530116103,0.4779260976444554,0.4937075789249162,0.4632864791946843,0.4910053509025008,0.4981878321131313,0.4924793846876882,0.4971956086357209,0.4929471198606255,0.4817183335964274,0.4933087070319117,0.4907208045832016,0.5081328833080813,0.4674145199987942,0.485941869795797,0.4791652408207377,0.4927649322864457,0.4771009294391845,0.4907079335628014,0.487646421405204,0.5017009279662531,0.5034221456268265,0.5030910472311759,0.4811253277980676,0.4856629138839002,0.488291883907337,0.4631636913882526,0.4830538593231032,0.4800129306796438,0.4639812772136766,0.5106646767834371,0.4649032495690265,0.4953771692353513,0.4863806877253836,0.4750728930309591,0.4985455930006194,0.4970523257882288,0.4976817594818719,0.4872144590481762,0.5098195582904957,0.4975009849637665,0.4873045816456648,0.4782360163600231,0.49720599399918897,0.5283695557723973,0.491280684349329,0.5140906689405256,0.4813388637356513,0.5052398748663789,0.485192967911496,0.4914375186082127,0.4904812218891576,0.4690508590298109,0.4945249491975122,0.4848001845562421,0.4921423908559743,0.4775678214563021,0.4913149120611549,0.5048925790854029,0.4778200093708145,0.4932480008805507,0.4820132592894762
2007-12-07,0.5265978274954438,0.5033086330138851,0.4928111142721219,0.5065078628536278,0.5023926289812335,0.49423815378761604,0.4963830696485417,0.5036908436590302,0.4967508791989546,0.49609185157332597,0.495701517597507,0.4846769128697117,0.5067077214690241,0.4864022590880953,0.4658201654529822,0.4815738375795698,0.4986237374207447,0.4978719273724627,0.4968875596543924,0.5011387254605639,0.5077897205613631,0.4881390821632036,0.4914595879374865,0.485593913161041,0.4917709803082391,0.4936105349624952,0.4951262826725165,0.5103232361925517,0.5086807813640001,0.4924410150300766,0.49223025713183394,0.4843003682997502,0.4833351680009422,0.4909588458530122,0.5083658235961144,0.5103270434836327,0.4921258897694549,0.5093149725521263,0.5039621780387692,0.4783284630029454,0.4799769817787423,0.4764351450358888,0.5027311287370585,0.4976016816187494,0.5122183284745488,0.4914173305375646,0.4970304002708729,0.4762996071648242,0.4672386188948738,0.4944902959019197,0.4999517161489987,0.4796358453870891,0.4952460536544933,0.5020711226829809,0.4944985350832869,0.4951729429413482,0.5297670879856151,0.4776501321646927,0.4923948321315333,0.5138362741745934,0.4766725142298696,0.4854605483806483,0.4881465012806075,0.5056084867319085,0.4861891493164096,0.4910478106742226,0.4975705658394807,0.4741562812219297,0.5147484729377725,0.4889464769026733,0.5067289249926763,0.5172328573655601,0.5063833647763024,0.4799905854601233,0.4938672427960862,0.4885267592165418,0.4884345276861473,0.4686300607383684,0.4940409552615716,0.4766584699283666,0.5077555100163224,0.499646485393121,0.4926449497467588,0.5018099420596105,0.4948763348014003,0.4766280150186492,0.4640133746020632,0.5026034047139701,0.5071345935769171,0.4989885361955148,0.4748370569940441,0.497028027164914,0.4901923491330013,0.4918120824236217,0.496458379098356,0.4936328642152649,0.4899237458454329,0.4871005872503137,0.4754703667292166,0.45035432232602907,0.4951246198627732,0.5067545194250792,0.5064379562421598,0.4872466542748175,0.5038474422406899,0.49635413051738897,0.4865286907957362,0.4941229865286561,0.4900013014084166,0.5039965483332094,0.5001951992800329,0.5322240565704747,0.4873672633119262,0.4890540884320501,0.4909459126746568,0.5021141705770219,0.5033267193607316,0.49426413834123706,0.4960081976534246,0.5002128649043796,0.4885889877100992,0.5053547621436906,0.4944157770615269,0.5052681735014858,0.5005120554364734,0.4978027964850254,0.4930040584578845,0.4984701393647337,0.4999314507857653,0.5082916103858857,0.498621306360702,0.5072417796780029,0.511521385496598,0.4635319984785556,0.515419109043778,0.4781879981167418,0.4756476835290662,0.4869657956690876,0.4974821369227115,0.4998228794771187,0.5090451854548615,0.4673360770564025,0.5103718658420509,0.5081615487683672,0.4788297928931906,0.4907569836233376,0.4898676388975157,0.49604533673813395,0.5054081784762839,0.5139479968937508,0.4945673430227199,0.4933596232229199,0.4938027665954815,0.4820915798428828,0.4845283338294234,0.5005478314587294,0.4807410677122596,0.5029647747453849,0.5142455245162577,0.5129460133673216,0.4941999016754082,0.49722623887410705,0.4802177419076406,0.4930469140491575,0.4973349503337754,0.4815198433286874,0.4926500346643399,0.5051764121720597,0.4807505687007877,0.498183887570545,0.5058084564775011,0.4962361929370879,0.4870719456187884,0.5128556848202004,0.5031786667308913,0.5000206144202148,0.4955329643547857,0.4796358453870891,0.4994548728805743,0.4974826244298922,0.4748549268549906,0.4898102718006597,0.4845328424566237,0.4832511169768192,0.5018862797626855,0.4957784165867377,0.4667498023923469,0.4832292280596453,0.4791166369868501,0.4776670841308782,0.5080970357886949,0.4965640216532597,0.4798140925844587,0.5038649313839482,0.4907252662821832,0.4827530158310305,0.5091547839677112,0.4940374910797738,0.5091676541389325,0.5012863341352164,0.4854875629915003,0.5005035137809654,0.4762464783346708,0.494794919786714,0.4911907899941166,0.5057122290671568,0.4932075295627751,0.4962171151867517,0.4876711102661957,0.5102649089369001,0.509980135764721,0.5224569676407953,0.4987382694336685,0.4963433834541852,0.5425713743517065,0.4881671375222818,0.4965471585781058,0.4808829199692807,0.5013173698622051,0.4903516516857998,0.4928800697582321,0.4972234203692147,0.4847343743036248,0.493645307990947,0.4944582194523055,0.5041392910642614,0.5304742298940489,0.4958891253746484,0.5156004761903805,0.5166450634902675,0.502083731235891,0.4921102960763105,0.4810578029632076,0.4913197468128028,0.4853628213176697,0.5341948418746548,0.481150497186635,0.5323395119663044,0.4991557031964106,0.4747774019091637,0.4977860596259802,0.4838682544542602,0.4871973554887323,0.4864560239923511,0.4955931648830563,0.5041126916580879,0.4916630267161178,0.4936515679856266,0.4957990051699162,0.47814462672165503,0.4947132621830847,0.5098120152527658,0.4829226408784784,0.4876617371058768,0.4826176647928012,0.4931266910254866,0.4767455693480307,0.5003594033642473,0.4885968758545317,0.4605218005350191,0.4823879807016206,0.5053406259775205,0.4937309822558083,0.4701591123297754,0.5065574837573077,0.4904094516592118,0.5027975484474612,0.4871058020169802,0.492164727299173,0.4943856943523112,0.4973794655208412,0.4960932785513728,0.523334721690413,0.49299567190687,0.4889894268279929,0.4902118928725078,0.4729318048256253,0.5109272984080162,0.4936058372120129,0.4992445127429211,0.4995258887331024,0.5071479957340603,0.4583481785496024,0.4992651278848273,0.4814393053755302,0.5003617075171176,0.5009728934417828,0.4888646139258994,0.4942892118909876,0.5053932234594951,0.4976291866829364,0.4821850662913694,0.46497900753614396,0.5032918181623895,0.5266876278721326,0.4939241951896516,0.5200042538450679,0.4948300175216509,0.4954642295298967,0.4967213201703359,0.4856365147406485,0.5185372967870377,0.5054783186905033,0.4823282576625311,0.511637728588393,0.5083020824384653,0.4817356556998553,0.5118385852076548,0.5040106867935812,0.4684230385431651,0.4987999020959368,0.4941795868480041,0.4899874364932498,0.4904901654113168,0.4859106620329612,0.49717495795346794,0.5327668107778893,0.4808745518212811,0.500006569258903,0.4906128064177809,0.49138824312523405,0.4955639743518374,0.4875023426960159,0.5202340696790905,0.4917509609201181,0.49310415171721295,0.5016452681996599,0.485147031049544,0.4932540358255197,0.4840972010785859,0.4902887125562324,0.5139282649609324,0.5037297016121436,0.492978782015229,0.5038533119557376,0.49391452802591296,0.5073673821028735,0.4777815415133935,0.4997856548445857,0.4978232120317405,0.4959089411471804,0.5035296997120907,0.4656397823524685,0.49708434496625,0.4851443715191955,0.4992336180255569,0.4884432909340734,0.481881298939784,0.47500508723648205,0.4858564317965632,0.4877237894035025,0.4964292524638664,0.4888152264025583,0.5258925477900944,0.501010690392901,0.4971637250235389,0.4942497633282021,0.48648830677654603,0.5132123392013893,0.4938251937021493,0.5023902003265195,0.4897129641356067,0.4974336982326691,0.5050392511704952,0.4918482667729301
2007-12-10,0.5086046916844212,0.4992802688167274,0.4926780183934768,0.5047666264953053,0.4958015858852835,0.5041441153396624,0.5000424723227098,0.4990356339177521,0.5121975360712013,0.4982677341692631,0.5095438642392394,0.5203090340167167,0.4914086702906362,0.4892259907713945,0.500122911734402,0.490779670503318,0.5122049687611046,0.5024902150525651,0.4871983896995306,0.4926479851248821,0.5108818825306011,0.5136335112220645,0.4977789951428882,0.4988432114838231,0.4967271949335761,0.5327649858832225,0.5020459141095425,0.485950000557109,0.4943923809919706,0.4802441858468696,0.503293329935639,0.4981303454137911,0.496378686945355,0.5088322217241555,0.5055526406108568,0.4975894797990672,0.5247973286862827,0.5167953463406345,0.4933198410928518,0.4916783479358187,0.4889382618775866,0.4808777651829104,0.5306048868915205,0.5183108476756519,0.4773365678553086,0.5140572145503883,0.4968844871405637,0.5083689805474659,0.5027187745653072,0.4964797493389438,0.5071246910179577,0.504405769925096,0.4999214073269617,0.5018048636701338,0.5058939450437566,0.5065313864647475,0.4927830252735878,0.4916286448342251,0.5027919260431333,0.4787277963435865,0.5089348694506965,0.4956133686706609,0.4900528142318295,0.48048956545856797,0.4973268245586837,0.4931617049784767,0.507415011640277,0.4864749976755225,0.4989339689864753,0.4867137258469403,0.4813617567662372,0.4969670339089044,0.5010877542083421,0.4920714142034714,0.5101004651378895,0.4997521020813655,0.5047624719126155,0.5042144969559644,0.4977436135300101,0.4796588858338555,0.4833070435312103,0.4955899956237241,0.5001593016478605,0.4759118532504116,0.5241794734374453,0.4828670909657261,0.5009228438948627,0.4919597191550261,0.4716252577305425,0.4893483391521452,0.4954483126180855,0.5143208975713406,0.5389020146355381,0.4964884902760502,0.472731146187781,0.4901807204602488,0.4929468841267818,0.4752908214218446,0.4892616679601369,0.5027040544759768,0.5339455048449314,0.4825796481378013,0.5021582406637319,0.52654701126765,0.4794150924681629,0.5035152982119082,0.5007686139305217,0.5127075767492424,0.5079920748736383,0.5131474992130316,0.542210319170726,0.5102933209597093,0.501037921108776,0.5006904998182353,0.5049810291392527,0.465850527075817,0.4952190776583581,0.5008406917661247,0.4979202572124327,0.5116046347760894,0.4952302098562472,0.5421781686794573,0.5263041656722958,0.4859490208864371,0.5057016704679513,0.5114012156013608,0.4984479382880849,0.5053289487646986,0.4871419671824676,0.5165959527636296,0.5252731853592311,0.5066482448602062,0.5146658267539108,0.5196895105569047,0.4880054930726029,0.4742392160378786,0.5008111943027939,0.5198180972515127,0.4940622254732702,0.4855965731143964,0.4994068895601272,0.5042606370593985,0.5265257649229627,0.4954541729628917,0.5209955605395035,0.5002767939598527,0.5055132271067153,0.4917365445614243,0.4743678420071495,0.48339196212026797,0.5183098270285821,0.5238088507637916,0.49702534577062896,0.5117455240174714,0.5120370617603668,0.488229760973444,0.4846994512951706,0.4945043978635445,0.4988669807317718,0.4715104963599903,0.4991451708574052,0.5013712848776309,0.4530463464665888,0.499175184856674,0.5032271569786855,0.5083395401730268,0.4967491622902912,0.5257379194974467,0.5063044675895811,0.4825181017344454,0.5084388033299664,0.5057948097436757,0.4661757926254344,0.5048737361351295,0.5114830712377537,0.5051281611486287,0.5147472257741984,0.504405769925096,0.4853821297113125,0.492120714512337,0.4835996322956717,0.4926913791563538,0.473780915582928,0.5129887348448435,0.4961959423267706,0.5050905976435442,0.5125643590515285,0.5082762883180115,0.4852347665783458,0.4865477805698888,0.5044741859048142,0.5019808995699524,0.4818439260189431,0.5088754766336824,0.4824366656033452,0.4955824043813175,0.4918294088837731,0.4979075579177911,0.4982642312168945,0.4827115343542978,0.4934944723121874,0.5145952611831839,0.4897308920881565,0.5041836245398535,0.4804533664071693,0.4986128004264834,0.5119771188484591,0.4955243672967123,0.5032060192508316,0.4903737785946689,0.5156127840386346,0.4594473675880851,0.512372391999769,0.5156447808396968,0.5085684319516911,0.4956380414523615,0.5016010128166875,0.5341928407662203,0.538347624764998,0.4939720231936741,0.4979194611341178,0.5179230627085175,0.498379213567394,0.48723867876588,0.4843923727330969,0.5193358543461338,0.4968454164459039,0.4882514691173807,0.4928895220165282,0.5139796602305168,0.5073083233700737,0.5014652347011611,0.485608320850467,0.4942403845636254,0.50551445170152,0.509589188224884,0.4865510844932933,0.5139017975700062,0.4847991196627637,0.5493629860548811,0.4920663841624025,0.5006636817585972,0.5301100552035455,0.5014666556465814,0.5258455319854585,0.4943734440173847,0.5188102777651159,0.4832573718732674,0.5028710411071973,0.4978444689435664,0.4973917105005486,0.5044615727820961,0.4570524030586496,0.5077413121676604,0.5296265224270368,0.4901701684329688,0.4868739988490043,0.5110711891795365,0.519233155780013,0.4915009227772538,0.5025048620639353,0.5014433440360085,0.5060094395396433,0.5049694669238054,0.4732487835244594,0.5023725646303613,0.4979364401307004,0.5109667493429049,0.5138028021914899,0.4906096843130474,0.5029760069569346,0.4908022366073826,0.5002956189983082,0.4849088741312324,0.4974933065151987,0.5087215739966348,0.5051982518588904,0.4967331138426188,0.4874264751220641,0.5197533842239149,0.5148113590121092,0.4865298094874633,0.515772140340803,0.521548386373977,0.5049813996919282,0.5104515067212915,0.508859823583762,0.5027771041246278,0.5011285253157646,0.4932974985078217,0.4782328582651258,0.4919969013699501,0.4947330980922063,0.4840178978521902,0.5013893389644882,0.4970808776142514,0.4872533294965069,0.5036594962506475,0.4846015468442858,0.4997027083223205,0.4967452281915207,0.4884845080222025,0.4764898171912999,0.4968610674586461,0.49077513323705,0.5081015877468926,0.5043233020544039,0.4903871510118967,0.5038511497392012,0.5200664024987394,0.5052526776874788,0.4798149965345454,0.4833942875211501,0.5009961830235692,0.4711411618453833,0.4963450470056202,0.4988724560105977,0.5179936336453738,0.4802013681673238,0.5118472541532444,0.5157848384133304,0.502463501583711,0.5055305286681581,0.4716297047571051,0.5013882926303465,0.532767295468129,0.4926362372869189,0.4908803264968966,0.4925596553365884,0.4969556860022191,0.4972511876849398,0.4854001279191713,0.5140424426269509,0.5195602445962302,0.4880815116922855,0.5059074238409558,0.5115227703394619,0.4929600892157948,0.5044220819262568,0.50085800832856,0.4947719611016032,0.5043670874330124,0.5240065689422698,0.4887096214712187,0.513962705013651,0.506247936843959,0.4872884626078613,0.4895294577697263,0.5163968607585777,0.4995870422519004,0.4969002243013457,0.5168449442706154,0.5066878014086582,0.512172212475117,0.488446513195746,0.4896945263288042,0.4946068718664564,0.4865776489375036,0.5159298576837794,0.4901883628277161,0.5041641678511255,0.4992389514361494,0.4774045956329677,0.4924190177497063,0.4867687727958965
2007-12-11,0.5154938236362177,0.5308206906947871,0.5012605983518237,0.5140715299729439,0.5258048885766766,0.5111965087532017,0.5150906645730879,0.509128020122666,0.4973515053028264,0.5134310630540756,0.5009335742226825,0.4969298864981743,0.5179634033519016,0.5002249662775388,0.4985662451133882,0.5208548945311471,0.5210480549785237,0.5176549588205573,0.4874744620344464,0.48740720767486895,0.5340720532106048,0.5028319177407647,0.5146795906043079,0.4958767350149917,0.5079097076870748,0.4948495776911677,0.5205849588379347,0.5513523901215677,0.5282136217861101,0.5239724101907385,0.5007305008268099,0.5119930312202394,0.5327089943270552,0.5078956720606927,0.5352517733785557,0.5366507003341795,0.5283197729467822,0.4829502169397875,0.4998159503441607,0.5179506015604793,0.4955292095080645,0.5120732325295201,0.5059876815658005,0.5161788464784088,0.5080308477429385,0.5042316163488935,0.4971467207196798,0.4963991378194571,0.4938180788158224,0.4921975788355751,0.5004204051811464,0.5102400858502177,0.4952834386011708,0.5199942086038617,0.5449397214013469,0.5163562784170044,0.542811608335882,0.5023444344190929,0.5087250468451224,0.5095340155887949,0.4955869696847093,0.5037353488472293,0.5156596035276061,0.5266371179012039,0.5193061748538186,0.5237308280467642,0.5227952870305899,0.5136567380837872,0.52214698261559,0.5009149297922132,0.52558960242471,0.5437032758490706,0.5172791657874632,0.5052531961498539,0.4947501004888789,0.5101843979928395,0.5053713530184238,0.489195736041636,0.4901495020962578,0.5120836200301659,0.5216027831892246,0.5342050428800612,0.5163745468856354,0.5298965958160589,0.5191333146692919,0.5147640817629928,0.5038944926386482,0.5564121761197516,0.5401982171968165,0.4920661119747095,0.5070866882208531,0.5091799221427751,0.5355154254962577,0.4975613691952818,0.4877873432790834,0.5364782014821451,0.4991968106237014,0.5181542469017723,0.5290031664838564,0.504237884157591,0.5203918590886862,0.4830332288720754,0.5037686822730159,0.5096717124282046,0.4834402872998165,0.503553688247908,0.5028704843143267,0.5228752508064812,0.4747780663156542,0.526170678997721,0.5039832996380805,0.5409909034808403,0.493716381951271,0.5156389139102001,0.5006004831899012,0.5131305984800115,0.4979621596636981,0.5106536806760912,0.5034404908929333,0.5011026178303015,0.5035857922978528,0.5171646017438034,0.4898540841209869,0.5010352898625482,0.519171187862411,0.4965368333207561,0.5128834230089504,0.5240851307602996,0.5259913502259489,0.5117358333237789,0.5351802409664108,0.4994334426660702,0.5268177675775064,0.5023577320625202,0.5355384174186414,0.5108124898325023,0.5069329429376006,0.4976885893449277,0.5206618013591826,0.501825296069254,0.5113773239135505,0.5110076389639513,0.5122169386792429,0.5217753676594754,0.5044746941687588,0.5006824204219662,0.5092595110049579,0.5237242822390661,0.5234330425833863,0.5059214231501382,0.50793699141756,0.5180398408090809,0.5008859325617402,0.5084662377439532,0.5327805459925082,0.4971142625862624,0.4927315042739541,0.5300744064426479,0.5196434100786796,0.5385773054024785,0.4905331252623668,0.5118214774594814,0.4891719601838854,0.4987336184898998,0.49643882891322905,0.4990865539458523,0.5015162329664974,0.5150627818919316,0.5198276878925163,0.516015413253671,0.5024745748894838,0.5120736810625521,0.5245403179580261,0.5129857434122048,0.5073504262597532,0.5006761109292595,0.5310380117531269,0.5102400858502177,0.5439551706583644,0.4953219932731001,0.5143216645143469,0.5135950066785718,0.5062844401203844,0.5263247656855755,0.5027252781072302,0.5010702488168386,0.5021499458100097,0.5214413488546518,0.4959810838772893,0.5102744235401079,0.5198081869072168,0.5100745760049997,0.5077778936166865,0.5442491266383169,0.4912638935273832,0.5114589270774197,0.4959751688944722,0.5044726979731018,0.5033979480792536,0.5136892549703366,0.5345411161255154,0.5035936644392762,0.5226547800608817,0.5122286730177567,0.5079053968127504,0.4926207491385557,0.501342317054758,0.518642847079386,0.5031715906635209,0.4998463492397329,0.4981667316519627,0.5183739824587783,0.5254085369781838,0.5031734061611843,0.5364452758471868,0.5027239273550774,0.5096312054656035,0.4966420497123994,0.5090747700382704,0.495977227849191,0.4863440257717658,0.5163785436182668,0.5088952952928376,0.510657385689636,0.5151408100466456,0.5128443208280941,0.5195370519577279,0.4974775311405065,0.5223694619809627,0.4880539328374594,0.5193992068867666,0.5130163618398259,0.5003996892423056,0.5093386797536117,0.5236784278280274,0.5169839600519661,0.5181130408383334,0.5094607611710307,0.506859457644635,0.5244786425389993,0.5108287960243648,0.4998851901548738,0.5404283767569368,0.5104382851352948,0.5102139487715819,0.5303577599575937,0.5127536042995422,0.5289942799006077,0.516870913464618,0.5184131461498125,0.5006348505196352,0.4941478798319525,0.5028387553540994,0.5004117146827868,0.4990128020851756,0.5137986842467923,0.5022845082435391,0.5089568071278775,0.4854580497426842,0.4859440535188227,0.5086184201205074,0.4916292083569317,0.5100397351927609,0.4970560373547691,0.5074827912630724,0.4905641881692973,0.530678693351207,0.5006806908933567,0.5154537023817097,0.4958382472889621,0.5039793058572494,0.5200697993155492,0.5064280609988647,0.5239145259042315,0.5094476956016589,0.502090975738699,0.5079642089200055,0.5360543630561369,0.5021555865081887,0.5180065095872007,0.5194175703246258,0.5031011516362806,0.5012947194068428,0.5172182111607159,0.5095392295063408,0.4942821305216802,0.5088817645000535,0.5081256654195211,0.4893126364710422,0.5181255272159161,0.5232182292231292,0.4988175259379593,0.5006996055413471,0.5201295306028084,0.5216030598625576,0.5004774713881791,0.5395416511877436,0.5228578630687046,0.536167386273259,0.5072537740371609,0.5084504680699738,0.5500414054939828,0.5200784293961546,0.512459597657165,0.5257696323763917,0.5076664174276577,0.4988502040287061,0.5301941028666959,0.499163550869256,0.501904674129767,0.5150333969523745,0.4993014057684381,0.5117363977354065,0.4952977797363605,0.5135786712343889,0.5234823817541908,0.5292077936621813,0.5034428808145309,0.5065433065463678,0.5155025385482396,0.5074928078929272,0.5098168163814912,0.5288689636294739,0.5286399568514785,0.501270759765741,0.5069954312324257,0.525732875725736,0.5028256732055806,0.4969180704973817,0.5127357791565212,0.4967158023100925,0.5206070595900892,0.5100928610853077,0.4964427098580724,0.5289123375405345,0.4947040033636516,0.500616665125699,0.4954052494508077,0.5352435290544711,0.5092406924146601,0.5303938312828725,0.5376379137531605,0.4948469328662371,0.4907613241680648,0.5064912968403844,0.5306918373166031,0.4996548056073134,0.5096084093359281,0.5075699292607058,0.5290477518640601,0.5023617580199085,0.5110463919588325,0.5002675329432632,0.5075518436994899,0.508505254532296,0.4937133585094989,0.497474847575432,0.5157066529896667,0.5175432383761465,0.5056341581917645,0.5344137357406623,0.4982107965974156,0.5232864825543394,0.5000436924018417,0.5008465989892809
2007-12-12,0.511782570500168,0.4965652678083566,0.4938057392385526,0.4899992041213646,0.5260536371463594,0.4808090527434833,0.4961129026333966,0.5107166758217938,0.5033605521654256,0.5080474241853361,0.5174560725617171,0.4998766454790477,0.5000909512951248,0.5090154488129915,0.4901403779656214,0.5018789867467607,0.5390005300025945,0.4694721522919904,0.4901365422183239,0.5112113521344246,0.4908834883001846,0.503523557919353,0.5053653059581952,0.4885425607647414,0.4948540271787379,0.5063293213333848,0.4945511658287482,0.4955350479455446,0.4993540458081213,0.4990655607086533,0.4788505766307624,0.497509119021031,0.4858307619641625,0.4885190400236305,0.5086536849259556,0.5325844373674083,0.4761377085265319,0.4977598684080888,0.5031997225261935,0.5260944280533245,0.5061409089205261,0.5040570798528744,0.4978503561744801,0.5078503199512724,0.5265032266596291,0.5036295768547292,0.4892640572989245,0.4905828916186012,0.4896776441103029,0.4893730232985102,0.5228834331425806,0.4881395035383924,0.4946463323040509,0.505206806796531,0.5072669004615771,0.5105526082182898,0.5076298883885789,0.4661935958531706,0.4918537582086483,0.5065894942765156,0.4856177682004559,0.5122651776219107,0.5058477299749247,0.5014662821883439,0.4892282417073305,0.5014283337022464,0.5001246262866359,0.5086861502854874,0.4861909846966141,0.4854084566913248,0.5163936405807267,0.5003003382628781,0.4924638170932927,0.5064178922687018,0.5059925893847806,0.5141799591233001,0.5003121509504737,0.4949928063292521,0.4952604462642636,0.4562005178451665,0.5006130489446121,0.4893509432534591,0.4871683511865639,0.5094617658526821,0.5108852173749523,0.5147232870026377,0.4906370917047006,0.5032988513207909,0.5079922122650828,0.4892342098937508,0.5246679844718655,0.4835168129317878,0.5315224999931061,0.4729288987551605,0.4816581936912384,0.5266110775663583,0.4792953156550899,0.5102918439621561,0.5145126697831289,0.4942085491037796,0.5011742925252171,0.5110770566530259,0.5202493588389702,0.5033857745182065,0.4834141003748853,0.4992063080441253,0.4923416492057153,0.4987610333321714,0.4991194127051536,0.4869062967053542,0.4926207238431429,0.500028167665799,0.5016718564809848,0.523873944903429,0.5170004954149489,0.505392307600066,0.4853213140937908,0.5051710167872314,0.4986345286579215,0.508110569964233,0.4892281938084929,0.4899574820711761,0.4978200056939495,0.5203622427125343,0.495112491860709,0.5026933028458894,0.4856926390995263,0.5119428925462904,0.4950110524290275,0.5019310300964276,0.4901953167616295,0.4985718111747957,0.5060415090636349,0.5171462453380623,0.5063564060025858,0.4842076734914974,0.5223183443276721,0.492442718863479,0.4999406663078461,0.5126979510702608,0.5166321038779615,0.4926754752532746,0.5015851054807817,0.4950565014897335,0.4956463293228565,0.4995107734059946,0.487115386291578,0.5117824543128282,0.4799597151271041,0.503413655862636,0.5099936042721118,0.5027545916998413,0.4909795177335259,0.5038346360563171,0.5085701149588533,0.4977283290776673,0.4983240535998731,0.5130419723184814,0.5046122740912432,0.4936100062977059,0.4982410034928858,0.4990547285933942,0.5105890861384905,0.5051086384193364,0.5132547671564466,0.4852955300026272,0.5006304736050687,0.5003240731463061,0.4986394036007953,0.5159125424362427,0.4985068525045711,0.4854840671222885,0.5372953877542319,0.4944287190526651,0.5021977853656115,0.5018702327393679,0.5069030199878121,0.4881395035383924,0.5099418924623146,0.4946496313473033,0.5053164195929771,0.5012967102857439,0.5020879504463215,0.5080958425867802,0.4987518280959607,0.5049989479533011,0.4985090612730497,0.5020581779561492,0.4940263717393503,0.48761986049917794,0.477429191260274,0.4812731972800787,0.5199874397818968,0.5203284558579823,0.4980812877566637,0.512353715446715,0.49023418323409007,0.5008536250340363,0.4966366455947992,0.4957990844718233,0.4921467057245458,0.4929203006473304,0.4979211520990162,0.5014449263104297,0.5089906006001761,0.5015669664995921,0.5071634281155932,0.4764297687301255,0.4941472810592817,0.4963531350454147,0.4937944127375501,0.4967736855694088,0.498633080776528,0.4886090498237112,0.503121761356041,0.4942863310182734,0.4941208373821601,0.4936973849061206,0.512889768310969,0.4869206936824402,0.5182371004115178,0.4929525494776537,0.5031898471789277,0.5255894628599581,0.4882454198593959,0.4995783593981516,0.522157393276128,0.4906610344199723,0.5220994611693153,0.5150525963631432,0.5019955090739683,0.5170797761293104,0.5106215233793739,0.4994931842678314,0.5008421071387892,0.4996142145562849,0.5110068732836793,0.5103283322664844,0.4991194751950188,0.4895446215233756,0.4897466929379158,0.4992331293510264,0.5161578145932629,0.5111390321957902,0.4975461886064633,0.5050141943952986,0.4950313405113314,0.4774720892523974,0.5092443139182566,0.4943130870941062,0.4947741929759457,0.49162918630297797,0.4748088293283279,0.5055317082489041,0.4987158222788157,0.4983515521639806,0.4839745473093003,0.5116467240585961,0.506941154686115,0.4957640170032321,0.4915031922863293,0.4817066938072345,0.4867261971507566,0.4905177048715307,0.4724768496456848,0.5050696627170447,0.4834652317161906,0.4887738368381336,0.5185595110903456,0.4851909429217783,0.4966263197103016,0.4821604737871212,0.4954975293236589,0.4964454234886245,0.5033780205308163,0.5285651247749772,0.4817321292435221,0.4893700198160157,0.49557786363408707,0.5101298803607798,0.5142943618932239,0.4876308263768962,0.5194185950779531,0.5236800837940664,0.5021209961057232,0.4883355184418346,0.4855150668921168,0.4968009141773787,0.498370721158444,0.4845171910707409,0.4985997194629701,0.4835718319679666,0.4607247728581362,0.4997110566387157,0.4852356616873214,0.4947918470349796,0.5112349877852327,0.5070394793062746,0.5084239121024298,0.5096112625772414,0.5005144608967429,0.5156856041031531,0.5034355428151072,0.5007272525011672,0.4963888786146342,0.5121592784841555,0.4929215076136182,0.4944952507839517,0.5036351075447822,0.4961945339156749,0.4972422662344346,0.5111932133016109,0.4892547791747521,0.5106870893430236,0.4842536718383473,0.4990489494564366,0.4927330885507729,0.5087289862782847,0.4908644525429116,0.5184851680085321,0.5206863313549407,0.5029370667000411,0.4763735516459081,0.4849248426743146,0.4942600593859642,0.5321792703054322,0.4903678878078092,0.5009648713889394,0.4932618772135166,0.4961587285251394,0.4910637117630908,0.5056501218488685,0.5110817991428674,0.5006454609515262,0.4921048558089453,0.5126843514505888,0.4968388296889309,0.5014904729595341,0.5047094003162981,0.4944589709012386,0.508133262902169,0.4959075896118085,0.4912959737841081,0.4914263770448414,0.488687443168714,0.5120142891293643,0.4908577837266615,0.4959684587927648,0.4966965310444335,0.4827206973703024,0.4966303250471065,0.4950100117455322,0.5095168043370895,0.5205291747297756,0.5024608060257045,0.4844062653013669,0.5164407211432053,0.473647781893524,0.5117780414058514,0.5076130331130726,0.5176348137917077,0.4992865470048897,0.4781513542258556,0.5166382800440487,0.4992913419207878
2007-12-13,0.47959103792138,0.4793629172250666,0.496516735245095,0.4971005777109328,0.5105113875525835,0.4802050699845486,0.5042393827362389,0.4990244316976296,0.5282303333515959,0.4876757193749987,0.4980972547862286,0.4920571082070037,0.5183603088356774,0.4828892722791656,0.5031122372956959,0.4954618111450338,0.4747568895102305,0.5098143686435123,0.45620181926708,0.4841551064786834,0.483915769043085,0.5057207384503304,0.5044424899489761,0.4954376348177257,0.4750603589608594,0.5083752380406951,0.4956401646980619,0.4642770538530127,0.4811061671414781,0.5129474741193063,0.4789428413660534,0.4766058481102916,0.4983888998966674,0.4771591117963345,0.4982928704236119,0.4939247116469307,0.5022614591876134,0.4896106822181453,0.4872446419427914,0.4623779445371801,0.4988934802902095,0.5064682526592547,0.5077992026859584,0.49468058222027,0.5073082317175264,0.4951320795178701,0.4917632613793468,0.4835529287428814,0.4940610656554459,0.4936574543072638,0.4964452136044231,0.508786551744332,0.488059660617469,0.5086450341444357,0.4909101085467509,0.4996114864553505,0.5142877592572496,0.4830604716678848,0.4867106201825272,0.4950323613642132,0.5115144139910357,0.509157864397482,0.4909442928042422,0.509060008601427,0.4914818247414249,0.4842022174517106,0.488673199428857,0.5078594151142449,0.4844717865162946,0.4746276618302261,0.5052702298168115,0.4863513177326423,0.4922994467959968,0.4925006823964227,0.4973299502395098,0.4803025024705239,0.504478031037754,0.5060844581866305,0.495326257387097,0.5159875009215495,0.4844073952490731,0.48415620526671604,0.4892739919154183,0.4973496240693772,0.5063882888544929,0.4786364239862635,0.4936518976444576,0.482088744444054,0.5297387781928113,0.484492180164896,0.4949565746622036,0.4761651320829407,0.4993200779267374,0.48014321913708397,0.5025042142115468,0.5053926178863171,0.4891156180239674,0.5184047238088014,0.4766860951109381,0.4818140770687188,0.4824201035736426,0.5213468902468711,0.4912368575146203,0.476576878964261,0.4774079692677721,0.4973822086343789,0.4814601371398434,0.5166691712356789,0.486749353046837,0.5021823058429918,0.4974822009938775,0.5129911025778554,0.4844463173290762,0.4971663929145162,0.4827217194778746,0.502361413182161,0.4896438289958233,0.5078172678511637,0.5044606389771895,0.4877511717509993,0.477288577426695,0.5060530676466727,0.4983997798076055,0.4854527064254047,0.4930131335418873,0.5042955481119574,0.48581754202907,0.5238422678809724,0.4783895530633994,0.4777208677135451,0.497680837569685,0.5217731665208168,0.47707069929303497,0.4943499547437213,0.5015104606213792,0.5042686433683009,0.4861136354233206,0.4870140990063038,0.4818574289585771,0.4907204101986898,0.4979176103556137,0.5016922108768482,0.4808675711616687,0.5014556155435124,0.4845133125344115,0.5025891806744225,0.5020372945225716,0.4810977374568535,0.4866647211701526,0.4882220912254341,0.4904814694974649,0.500466282699661,0.4919752867888911,0.4747640936114411,0.4997579753743744,0.4891542395169436,0.4879130532267276,0.5011026651814693,0.5051650731038994,0.5057449455624922,0.4942423324912042,0.4974481833396169,0.4960928920807007,0.4897092525414611,0.5067656727143393,0.5155486569157209,0.4873898357881102,0.5124202406621816,0.498477069547865,0.4739050223653816,0.4910960980974568,0.4856587630725317,0.5104339901922452,0.4970405828891125,0.4652167877341454,0.4964830467982221,0.5068178897356445,0.508786551744332,0.5000037027253831,0.4889802081887252,0.5002091143847139,0.5098647615946641,0.5004751167587894,0.5094153036679109,0.4972368107539745,0.5176380573140503,0.4829446216676301,0.4902813613881418,0.4973371733895176,0.5006773940726708,0.4939507929058925,0.4954754150241047,0.509316330772046,0.4906089254727801,0.48182107098867205,0.4805989582450062,0.493374005206879,0.4926787467662877,0.4881475047265319,0.4756506083292673,0.5050039525526875,0.4946788508055333,0.5079419393142849,0.495121806875423,0.5163600909409013,0.4898095472862437,0.4920451175023196,0.4997288600200969,0.5056855199628937,0.4843982782383984,0.4969561791562842,0.4540675183466834,0.4909611086597682,0.4947110447010372,0.4766814806763914,0.4838598291703206,0.4939427941005974,0.5103122669008613,0.4801757956251354,0.4784681057363033,0.4761803573311885,0.495981512975772,0.5075709005176687,0.4949854257332464,0.4877628433075986,0.4919877996277976,0.4897052380791631,0.4911284135853093,0.4931850334756897,0.4788839898942474,0.5134582002403306,0.4746475965678304,0.4842334013911741,0.5123752867432416,0.5028990727228895,0.4961856347197048,0.5023757906967804,0.4945130088790306,0.4879393604850617,0.5160941990650446,0.4928134510783146,0.4885173794927732,0.4854743622374062,0.487234190113631,0.4975090105433007,0.4861937567157245,0.4962944473562413,0.4991988347994695,0.5110740541922649,0.5124253472043651,0.4856328690954751,0.4984125040494428,0.481923622527457,0.5024273761248816,0.5047571375604993,0.5149932429726473,0.4945157800438346,0.4870171058774327,0.505685862679391,0.48560672784189796,0.4861572930495272,0.4834107182849742,0.4819975431264895,0.4861803908966229,0.4856373316897936,0.4806534552689262,0.4779203258464925,0.4953765692190524,0.5096472788726311,0.4809081575392665,0.4915814484868662,0.4852321359133315,0.4928118164109502,0.5059391370965218,0.5166474784550736,0.5186077474475123,0.5102638553829849,0.4901348622919456,0.4792841789211865,0.4919564889427438,0.4946983088746315,0.4856546729561294,0.5024247094064511,0.4879191764934146,0.4857133593912728,0.4830569047010969,0.4891942505296472,0.4965343344988235,0.4951769267589946,0.524524761012967,0.4946919217097678,0.4983116893183208,0.4896746114218356,0.5158768364520738,0.4995613704437754,0.4874095988939517,0.522921695063418,0.524069979703501,0.5003557364058521,0.4896063978492445,0.488242424341476,0.5112133363104466,0.518203653813906,0.4822280037598239,0.4739532545236925,0.4879279234580543,0.490779593781007,0.4912178555346906,0.4946576548762141,0.5199245471637768,0.5064144369092017,0.478777188570537,0.4827949382333329,0.4833326160420768,0.488318763362691,0.4800792489963608,0.4949852341479719,0.5086021463531831,0.4821645359540145,0.5229575041772688,0.5014961937296728,0.5107637084308211,0.4984370716655927,0.4686640396957693,0.4993310732397129,0.5274339054897628,0.4959707639117498,0.4870410127301637,0.4762203233042784,0.4977614613998472,0.5014441015794124,0.492779347248523,0.5202316803589956,0.5168172489409435,0.5046719942257628,0.4850745127303109,0.5016172841079981,0.4791946409205112,0.5176214951371391,0.5002493936185612,0.4849199435074141,0.5016590242240925,0.5030114645550748,0.4673813085215852,0.5057997821145689,0.4842186189381064,0.4909906240477929,0.493299415726765,0.5076757617313619,0.4910817854619775,0.4951541902311291,0.5245601782663117,0.4892809156293986,0.484584641766087,0.4948772624325595,0.5025246941104451,0.4994421123382989,0.4931238522981498,0.4899303079835319,0.4868525279390962,0.5225548387244425,0.4793905030925845,0.5059100197705788,0.5048353592272418,0.4977799149783463
2007-12-14,0.5253868505177488,0.5276828757411272,0.5231266409566747,0.5191629909810221,0.5199607253431225,0.5145142648467755,0.5099841354912261,0.5136597332987928,0.497040046919434,0.4931937366725567,0.5045500381251589,0.5023264219352269,0.5145573882995437,0.5207891832284053,0.5201847359032773,0.5267161766504015,0.518049368372038,0.5072370103983002,0.5153464440604641,0.4976172359128631,0.5100093880608791,0.5020228113471297,0.4895189477201621,0.5139249397411881,0.5203880166908014,0.490155009384783,0.4889291025473401,0.5160674565324816,0.5063022902425295,0.5329139267687839,0.5250546313960589,0.4956439206950559,0.5450080738449241,0.5260295924580705,0.5059867741503651,0.5237366983617014,0.5373522948198408,0.4995653048467853,0.5063343086711565,0.5205946429062941,0.5103829798646605,0.4981773336536728,0.5250184937823134,0.5316674871401289,0.5247053191994521,0.5325785986325293,0.5159645148824583,0.5185873323421325,0.4949104723579446,0.4983494948183162,0.5056805264717787,0.5034522053147145,0.532514753877098,0.5220844102014643,0.5242518219103808,0.5328727190759864,0.51972772717027,0.5249059093754808,0.5101895744833371,0.5257895741024988,0.4984575786434116,0.5131414279217464,0.4830676570275666,0.5317873162505397,0.512947935295287,0.5101191156233561,0.5260019415781692,0.4924460344370496,0.511919470099594,0.51181267993971,0.5271645972279729,0.5304018807985874,0.4985757310358087,0.5058286524077745,0.525224753706204,0.5038027052830844,0.5107079755995678,0.4909204142611116,0.5037744153639344,0.499802349618842,0.5046160612274125,0.5205670801021686,0.5007201560480083,0.5420180236000383,0.5249544308917931,0.5121631966780507,0.5162999085727221,0.5259075393571199,0.5062139431122502,0.4933299974752831,0.4998630640460177,0.5138641895319178,0.5178143298152148,0.4870448287508852,0.5102382820238741,0.5312875090437142,0.5119297160509071,0.4975605001476845,0.5339430618465602,0.5255429330239272,0.5193862444485616,0.5388050857302475,0.5097805106716365,0.5163048713282112,0.5150593748674845,0.4933536619742728,0.5186017119133904,0.5143934444134333,0.5089943481150301,0.4911865211920372,0.5173706497568292,0.5103843882912877,0.4978840568061989,0.5235035809258638,0.5014106831946684,0.5278022686142803,0.4922981475733771,0.518265037747883,0.5243875069213183,0.5052759556852645,0.5270135494224836,0.5242601983496354,0.4942817791991306,0.502502251947023,0.5283030148136102,0.5005387090809216,0.4963128640340303,0.5235697228931003,0.5088623628069402,0.5177622048743551,0.5120458087450246,0.5150088206730813,0.536387931794191,0.503657459822261,0.5353238139614347,0.5228059313687285,0.511221216041074,0.5009678999632095,0.5302474280486074,0.5206506704227634,0.5191787797505071,0.5006690867080097,0.4822162457526368,0.5163507652035055,0.5083240588477783,0.4970945168744905,0.505984582470827,0.5311381463072321,0.5062572503710251,0.5117269183220866,0.4911720399226029,0.4954697366735546,0.5056979067321085,0.4988463688259665,0.5210836664726852,0.5183287278038486,0.5256677553965969,0.5363241994645709,0.5255755866588507,0.5368559139838404,0.5239273494027664,0.4977317597609793,0.5031154943903365,0.5190201195841073,0.5014550889051109,0.4816336209860103,0.5195177456225584,0.5221083144658716,0.5194958676688958,0.5055311701281371,0.5266240206203796,0.4848085294362455,0.5378038656870248,0.4908859573613258,0.4924942662854664,0.4933674263463974,0.4882765596546018,0.5034522053147145,0.5311071779382266,0.4922681125594043,0.546402312457581,0.5298359221368686,0.519066455106536,0.5036969419381523,0.5019364089966807,0.515958818503632,0.5161519120898823,0.4985152477659847,0.4939148613135,0.5376897056054812,0.5122487014101622,0.5083342124242298,0.5295003627529387,0.5334584194553232,0.5187276236334256,0.5050487285206724,0.4911798642347199,0.5177542653279503,0.4910778642913925,0.5027688703724329,0.4979007250238285,0.5055934321261393,0.4961807195943897,0.484872988057364,0.5173984715042343,0.5077871386922006,0.4926997043762994,0.5138175278665971,0.5041066981578474,0.5097632955339105,0.5269390779521674,0.5000627277161882,0.5035683096908955,0.5021367957030332,0.5058587843153565,0.5064292025605455,0.5083183230956116,0.5219450593496311,0.5129519099511725,0.5057057223961954,0.5063747960346097,0.5186325074600671,0.5096520695197153,0.5368256217001584,0.5115884367839161,0.5297075531000458,0.5215288790816922,0.4840999292927282,0.5307270557211176,0.4959246147819675,0.5069324014419809,0.5161261487221829,0.4896346424332552,0.5080818181428871,0.5009438731087688,0.5107374974222708,0.4781919560219334,0.5301581803808822,0.523495741090963,0.5314394053043072,0.5003542086099879,0.505927203660704,0.4944863864728888,0.5203131980971477,0.5279926312769887,0.5052775077156889,0.5154475244612103,0.5360621457380251,0.5060642892353507,0.4893091977178674,0.5079082409619101,0.5438677858813454,0.5138804960601474,0.5130156740374952,0.4964618746281155,0.5236314009611309,0.5138975729372668,0.4900201654910619,0.5140739407684306,0.5019893667666918,0.5161946575211633,0.5082574296436548,0.5260488849882606,0.5228727999499092,0.4991740981241894,0.4892423828072098,0.5205325109616444,0.4991664913814644,0.5288221221189645,0.4979724343359585,0.5023726936268607,0.5214733721231726,0.4997923669843322,0.5275137347844939,0.5017486152771982,0.5232812937148323,0.5208205417993569,0.5298765544711838,0.5064064473801279,0.5017207423857984,0.498693337531141,0.5107041221314006,0.4999214903669648,0.5038943340660933,0.525873726616122,0.5127119044139611,0.5114244657970619,0.5193150612401694,0.4942106298309283,0.4948306382402196,0.5031946516813981,0.5119972496117169,0.4982698770398043,0.5217172085083036,0.5203954760034697,0.5209318048756013,0.5244297254410539,0.5271863411351783,0.531592673189079,0.5186724690960701,0.5035399217231533,0.5202559631282887,0.513903978483026,0.5265616929948145,0.5226553834386518,0.5149492421310738,0.4981360299004262,0.5246582933190765,0.5057644063127767,0.5231890076005029,0.5017838491065136,0.516924078582808,0.5135829489707965,0.5071046545030781,0.5034683583798023,0.5240472371889541,0.5224562931251456,0.505826448274306,0.5065366858886557,0.5040381225616987,0.5139994115963358,0.5226789785595473,0.5244242787127528,0.5208299910846533,0.5167654155560543,0.5269376094846475,0.5083151776796738,0.4971568365931688,0.5239667449791626,0.5282883868461227,0.5194486057691122,0.5353783143829898,0.5233779468046283,0.5128433363864005,0.5362012914501464,0.513897506332118,0.5015486611588283,0.5053028556740322,0.5217490221028669,0.5114338615510186,0.5229189501099968,0.5289745682290534,0.5118899500680686,0.5262126285048252,0.5083875861876712,0.5241998156726831,0.5045723772196906,0.5107043317555879,0.5209750042548043,0.519334406639998,0.5105737210377231,0.4962011266578192,0.5044604738570729,0.4956588801268318,0.5052831110420419,0.5088768573834516,0.5085307506681064,0.4889060447105385,0.5198310321086146,0.5197246042986063,0.5296139464329694,0.5172638823118638,0.5390185879966263,0.4953388063914076,0.5108969953083567
2007-12-17,0.496140914732433,0.5206076112260979,0.5014180142387501,0.5033978996686349,0.4946686806031399,0.488735599394461,0.489533003970998,0.4937157986831423,0.4879850266687658,0.5015556024620592,0.4987747072575842,0.503890254611613,0.5327626084390712,0.4991917045268616,0.4928025347505386,0.4954785974113845,0.5153293684164691,0.5010610784437304,0.5215952439628817,0.5054103429090162,0.5045996881389683,0.4960677569998944,0.5053637489791152,0.493018629691966,0.4926220727811762,0.5098644943564098,0.5179972904173357,0.5062696499713509,0.4843811729178013,0.4987337599100694,0.5024851640875685,0.4964361528579891,0.5021994881012748,0.4964253738641772,0.4977158958505578,0.4935667014338418,0.4835136499620785,0.4896292166182551,0.5071590879888338,0.4910314456035486,0.5007133827875678,0.4829191513494756,0.4738255991505145,0.4943809773248055,0.5011968517396228,0.5143257853495169,0.4945345589388634,0.4952468842150903,0.4864801071720439,0.4917685575285922,0.5002684334613402,0.4960478628229886,0.5017492551262599,0.5069750196526565,0.5183063482245921,0.499689467850895,0.4951142910415122,0.4914609787339472,0.5087621042885134,0.5049265897179799,0.4945033170722458,0.4872082334145345,0.4934868985982467,0.5236662651239274,0.4958680609012586,0.5073380205493296,0.4852551500900034,0.484476641486123,0.4952760820213149,0.5126548618526857,0.5128749486747499,0.5127535103214531,0.4947070710032946,0.4997691460972423,0.5017316031042789,0.5022993191519538,0.4924152757633788,0.5100513502399587,0.5072181961299227,0.4877597542744162,0.4954565209175501,0.4985077789367311,0.4982341550361239,0.4797603812881973,0.4843413747614662,0.4985753218922769,0.4997070905828192,0.5022324020271003,0.4989841361556022,0.5114878190613515,0.4997910280256951,0.4884326977644554,0.5178826394529917,0.4815890485594242,0.4926161617315686,0.5152165612787377,0.5124100373195531,0.4822358422003964,0.5069442250450057,0.5028345002490426,0.4904211641520145,0.5233670871768458,0.4971098721628306,0.5045762662523968,0.5080409673057608,0.4924656610625598,0.5198383485256025,0.4964273664049543,0.4916256124619119,0.4996664816008841,0.5082546022765994,0.4993794045086237,0.51289574210202,0.4821343981040581,0.5169861628088218,0.4924539777168794,0.5115738505607335,0.4913359752145046,0.5155592103570937,0.4989350480413226,0.5006902261884121,0.5013490899150942,0.5090395118228773,0.5155833549450929,0.5090631479614397,0.5026745336718877,0.4931330563609735,0.4886126360336632,0.50741776146692,0.4844883645536864,0.5147325225295227,0.49670807058607397,0.5122548960005484,0.5227083214687922,0.4976233912079209,0.4873714002260117,0.5172632359645551,0.5094767851581237,0.5205807782524811,0.5163727180305515,0.5163235590013608,0.4935277918816554,0.5047589700356137,0.4906182925991788,0.5023764435914478,0.5065336276384876,0.5031719749053335,0.4863436913052365,0.4921179637930347,0.4938910640814484,0.49981100622555097,0.5206037510515825,0.4961111863880252,0.5021042351384961,0.5041004890635581,0.4954540254325358,0.4942116128078896,0.5011920138417577,0.4938283592186544,0.5072810733119872,0.5313955797258668,0.5033915826883842,0.4835987063751239,0.4940985490492077,0.5045239990905711,0.4813151252123354,0.4990539088761717,0.4984827319718959,0.4920417557701143,0.4744229492087721,0.5185311313748391,0.506870228240215,0.4885972716499682,0.4977830516282431,0.4928638867595863,0.5112428396159973,0.5105068235300368,0.4960478628229886,0.4864690037597043,0.4891667880766799,0.5047068921889845,0.5138893535731727,0.4866916758303804,0.5277561304756953,0.5187458395031638,0.49159577988854797,0.479556319969953,0.4966645988544163,0.5100286225343337,0.4812444058012421,0.4923121371162839,0.478715883854817,0.49145778696831205,0.4959306032510644,0.5065104990214916,0.4946949003263898,0.4861473273531399,0.5049972480350728,0.4992274543828614,0.488043501600512,0.5133631540692543,0.4996961416204661,0.4956130058195381,0.4964160034683861,0.5161301791762242,0.4895802337637034,0.4823255551898646,0.5013531170993929,0.4986543601364213,0.5101257677107964,0.486191605651672,0.499588724695673,0.483490120290825,0.507914954206976,0.4828177667433597,0.4910922084280418,0.5020910817458695,0.5036558468086018,0.5089363282795735,0.5068499955654597,0.4995624888216732,0.4967046623994686,0.4922445189447943,0.5160268946067773,0.4942365020697808,0.4934103982520906,0.4981819355885658,0.4873886617895721,0.4923411020122162,0.5066035777039988,0.5124556150484387,0.5108896865303933,0.5053477476746446,0.4920734075242905,0.4947768148479033,0.4905774618218881,0.4706859678655725,0.4992920965007697,0.4994283048876614,0.5097030009487742,0.4914162740629098,0.4579082265247956,0.4974424262211865,0.4875520379476272,0.4872772126927982,0.5131319365203979,0.4887716792693734,0.5014216250729473,0.4951418883104244,0.5026615916285072,0.5102937763708979,0.5037779251439369,0.5085178860017971,0.494403739533223,0.498999854220142,0.5090097860768636,0.4804780112164066,0.5008133638568355,0.4869930486213356,0.4919507689966922,0.4860845554296912,0.4888247009675766,0.4853819132320355,0.5047286643894724,0.4974968253383539,0.5147016266651778,0.4845792716224542,0.4875270865747725,0.5290473960915252,0.4967695402739105,0.4921016217687003,0.4865388987353717,0.4956932917675223,0.4860608262784134,0.4949959633766468,0.4981805337483406,0.4766420639143392,0.4890005095114869,0.49217595378094897,0.4893908856581062,0.5096777775730817,0.4926055531884168,0.5267734200991072,0.5138521614573672,0.5013172953641398,0.5035675073488561,0.4889370603366875,0.4781478547874191,0.5336910566933676,0.5073977919567753,0.5014037664364372,0.4781682099427314,0.4967238449328624,0.5066036392887151,0.4975588352259962,0.4990492813721219,0.4953160915776229,0.4999454381090967,0.5123638521116247,0.4934726394473407,0.5065989520836536,0.514594353521849,0.487176923936039,0.4883269872962136,0.4908462194949272,0.4995269052488702,0.4865693614855571,0.4751251841406528,0.51617403106784,0.497702243260686,0.4993751952433998,0.5095789334120071,0.4994972136630176,0.5024919087651059,0.4787664754176908,0.4872374977718516,0.5124407520712096,0.5121484878200266,0.4915764335418941,0.4806517678033508,0.5135607255272722,0.4950172674080002,0.5180646867811052,0.4891367804146344,0.5100275369349508,0.4982669465552692,0.495238990049297,0.45837011158364704,0.5048494394963103,0.4920821899290557,0.4932948624863641,0.5042462958343294,0.4975113070337696,0.5031867943165649,0.5114461939075129,0.5004721731732635,0.4943349217654533,0.48690807887274695,0.4991337442861353,0.5026904332836635,0.5032874124819752,0.5192747920289598,0.5075943511357294,0.5014069173356627,0.4890153723572461,0.4998367261533517,0.5141774653005079,0.5053123509600458,0.4919497423799578,0.4991552408109722,0.5162098593990746,0.5046840904247665,0.5121145198174399,0.4868689821709023,0.4997829297263148,0.4961584272684642,0.490859879424236,0.5081457198510284,0.4976639649612058,0.5037853892481191,0.5030515677452444,0.5049875930806929,0.5016222170124244,0.5172066173207674,0.4920738617991057
2007-12-18,0.4864825653483957,0.5050552756914776,0.5108384792808001,0.5210996874614241,0.5189669889413869,0.5184375718785755,0.4863958191997838,0.4805006503823113,0.5066161724169133,0.5180106033921936,0.4976058155002522,0.5042945570158691,0.4975548209923489,0.509388814885081,0.5141999493560779,0.5063909452767722,0.5009186775498307,0.5177273063881738,0.4953280224948304,0.49140944881329796,0.5042169743531895,0.5136198492736203,0.5042721633548973,0.49675565424717,0.5205229202999548,0.5176819051366067,0.5101204211045286,0.5015874248373521,0.5154716423587656,0.4923013656788784,0.4967779800225528,0.5137455478369419,0.5136013102635467,0.5112667104608808,0.5014367802316815,0.5113533013119822,0.489329092834405,0.5104884790772225,0.5013911181033782,0.5210537657680077,0.4947163526452858,0.492601390411613,0.4998646300705442,0.4967349738881868,0.496708430283825,0.5223577778645273,0.5053586182647912,0.5332428381764389,0.4871054634354563,0.5011978193510481,0.4939090013108067,0.4958974854161785,0.4946029347505338,0.5003861894361107,0.5232299755635322,0.5066519739042796,0.5048845962273311,0.4951585383804722,0.5024579095419776,0.4964587078765622,0.4914418957762795,0.5014068583125776,0.5041029956093284,0.5024250462922666,0.5048459923429377,0.5243788470814743,0.5171314054735248,0.5033271462450948,0.5132049848400724,0.5064014992801907,0.5098231831280418,0.5058914246126288,0.5058102327675369,0.5322038023813128,0.5133601295430866,0.5164376391588773,0.5002549223037398,0.5010785650888064,0.5112564486170706,0.4734966837784454,0.5003680566899261,0.4841693266552277,0.5178089287031321,0.5082838200045793,0.5125513746553648,0.5190818979544539,0.5057138990111818,0.5093742260088496,0.49539904124987794,0.5016909468807222,0.5102713796948329,0.4991010672524132,0.5251176882428672,0.4968942903322267,0.4901231574843876,0.5013251885596401,0.4936162073071592,0.4844621435108525,0.5154842107568199,0.5078617413056334,0.5211897531516401,0.4959407885127212,0.5052312648409542,0.4949424642514837,0.5092149202645153,0.5074050497813096,0.5088863888182836,0.5058643129435412,0.5096623586561877,0.4997525878302088,0.4961777330019846,0.5215440311031586,0.5270673467149639,0.4909696533451426,0.5100959283818232,0.4929496266419067,0.477989399382432,0.5171027729253224,0.5139967319078443,0.5134095388921517,0.5183560208635651,0.4931688128139525,0.5134176199681711,0.529888933972061,0.508949642965662,0.5133324616796543,0.4922004704304107,0.4860143644683914,0.5237113550370143,0.515429833341545,0.5030020326612183,0.5108503107371017,0.5190372008461852,0.5177918609125302,0.5186120438241305,0.4895235295871411,0.5145366700725991,0.5198235256897984,0.5056342044704869,0.5118484283568105,0.5069680585442101,0.5092629896731573,0.4935911242315232,0.4985489346967191,0.5141875798389329,0.498460350168553,0.4757681898931314,0.5029397111973124,0.4937503649958112,0.5079918169711125,0.51060770987527,0.5170095220105383,0.5169207251812195,0.5167402414011046,0.4987336657136259,0.5246355138110345,0.5212265671337819,0.5039318450890611,0.5059637623622034,0.5128891770040279,0.4974915970368706,0.4975434834301834,0.4919012452642138,0.502253007363937,0.5121482806975934,0.4763573899799578,0.5116909775381614,0.5107402930706049,0.5011409011947024,0.4963692421251305,0.5204105776610244,0.5016154141266481,0.4945043009563422,0.5016046435750016,0.5069370881717556,0.4909059599486584,0.5254648384429287,0.4958974854161785,0.4982408990045067,0.493890961600846,0.487293276342029,0.5209421110105411,0.4828860784439377,0.5069705003343538,0.5190253144146307,0.4977739892203817,0.4909230640685815,0.5300399919183164,0.5041012169529403,0.4930466458803839,0.5022399008413558,0.5024035594684798,0.5104908316532201,0.5135358047068905,0.4927033451108386,0.5060335009247343,0.4942309048701307,0.5173937791751663,0.5238136045661179,0.5071218484988534,0.4866969374982666,0.5406990097544574,0.5009414665827631,0.4787673423783115,0.4900486458755456,0.5009035755340239,0.499986999031554,0.5043177052787026,0.5159305080327444,0.5198212964982688,0.5062284124095726,0.5192501182187343,0.505966415080466,0.4995252637256633,0.4940469272220029,0.5053759678261853,0.501622366397181,0.5054151349198942,0.5156156813690143,0.517440237761239,0.4952423508519079,0.5173182098379722,0.4927754537031658,0.5151564966658757,0.5102726223675755,0.5117171530307192,0.5055745918818213,0.5143166665627342,0.4834147076250346,0.4815591407061341,0.4924259413064219,0.5031648010054276,0.5114900210289035,0.4975562541835859,0.5062537692820924,0.5112365417187045,0.503879120446516,0.4975569032163442,0.5062709987556059,0.5064052929047073,0.4986152099837373,0.5002787936882839,0.4987898133706846,0.5097976048597798,0.5023725479392492,0.5134604814264782,0.5030587191683992,0.4991032762204538,0.5118724765875284,0.4815228042524643,0.5096309133147847,0.5156543726143621,0.5200501497485734,0.5138004410837861,0.5052900349583729,0.5101698555422121,0.5000278779593279,0.4964021818395252,0.4942580633763562,0.493739381545134,0.5153177536204733,0.4996400614424372,0.4947687898392749,0.493727443680266,0.499100812508555,0.4926296862440774,0.5011856850628897,0.516059900176549,0.5185545772640866,0.5111373527509349,0.4953305643862806,0.5088278845013855,0.5134678369044245,0.4987107493146788,0.4925260108987754,0.5016345436194988,0.5000229161708706,0.5117485018858767,0.4997201722483894,0.5021949155987518,0.5032642614573519,0.5211557732131026,0.5116133824684135,0.5193714309120625,0.5207272977230021,0.4897863128311176,0.490788385293267,0.5156381782451912,0.5000387648008228,0.5067731775612283,0.5071701256826988,0.5026835332013194,0.5008612813160817,0.5089101049420763,0.4985644175729789,0.5069642416619656,0.5018716463610885,0.5036524437200044,0.5175530090411611,0.5126438471834217,0.5129930961954776,0.5152184128987901,0.5167833758655779,0.4823454800238037,0.5225320307679984,0.5117097073826372,0.4932320421153349,0.4931460044923917,0.5068199255251181,0.5013343509748093,0.5239661384306741,0.5124584209234215,0.5000560244823029,0.5208286308865726,0.4977385531569425,0.5069184476421283,0.502183998338698,0.5180558430274059,0.5237602650186535,0.4921975153582816,0.5196199764593821,0.5329971329367174,0.5105854898968618,0.5015838581586739,0.514197611128184,0.5104594519267411,0.5066737378557675,0.5053448058157078,0.5096321898508133,0.500646716486149,0.5108055301785284,0.5085516676945034,0.49661082035501203,0.4988321696437294,0.5061273478534105,0.5196570968622448,0.5149731350958106,0.5116613207566126,0.5036824372379125,0.5069068729788423,0.5117064911393525,0.5325074392470059,0.5133749533292752,0.5167134032990724,0.5291719985848459,0.4994158182518661,0.500800722759687,0.5223630114983168,0.4871277807390521,0.5012950985069543,0.5211251725654668,0.4972321794832852,0.5066669832698885,0.4941605319222222,0.495604495815183,0.5053300917189416,0.5019974096512274,0.5024374034418093,0.4928624187606652,0.5192864836106639,0.5133761789366232,0.5106048433622435,0.5079670320263907,0.5130979493230513,0.5083238576116128
2007-12-19,0.5258159940419551,0.5103461147053772,0.5323396094322284,0.5192952221002693,0.511469500246154,0.4968862154713001,0.5042870802282635,0.4947197397496319,0.4972436006790902,0.5081629795752604,0.5110343463298702,0.4884261906662572,0.5323157922489862,0.4916708363793617,0.4918783102712717,0.4881049462839714,0.516508026384684,0.49878049810410297,0.4947229738972999,0.5022252768527874,0.4997966060805862,0.49078120627525895,0.5278889872578392,0.4997598570264553,0.5125599957739265,0.5211074566681683,0.5056815173416327,0.4984433137814029,0.5101295405382827,0.4992141895209155,0.5003843661836498,0.4972853912616238,0.4895731467713974,0.5141056825477734,0.5178260037984062,0.5348748710174518,0.5173451779700108,0.4927484664979409,0.5071121739162473,0.5110927507458084,0.5216983754109122,0.4766739392543773,0.4720757557484557,0.4964824201861158,0.5142606106831493,0.499253986116993,0.5011374679368216,0.4931724944674775,0.5026541444056324,0.4872573581456362,0.5003182186643961,0.4977677081169881,0.5226963856435813,0.4893376249350865,0.5087434899261044,0.5002684052396859,0.4927418848331748,0.478295342535008,0.4886572563434684,0.5027552620419835,0.4821408446424328,0.5165499097292168,0.4857960275375843,0.48764240629384,0.520046079936644,0.5060303079350581,0.5005920974272859,0.4944340669769757,0.4792930754284,0.5071617439173297,0.5001501374007368,0.4908844960592412,0.5052469273198464,0.5076926585157729,0.5157392239619457,0.5078581298656006,0.510245478160659,0.481492287479229,0.5029356286149793,0.5111450352548692,0.5094500123528162,0.5161979815898532,0.4885509172478104,0.4959449278112428,0.5026820952871671,0.4937518775648994,0.5226871545179544,0.4895955950666791,0.5182229073768105,0.5030526507372612,0.4776485104203004,0.5093006381157654,0.5262733726871821,0.5044806286022513,0.4952744108587489,0.4958195983317195,0.5212740252525251,0.4896523123294415,0.462693387033279,0.5325485977045921,0.49333005085365506,0.5110805746142274,0.500299519560298,0.5081690979299014,0.5083469777361507,0.5127601845829928,0.4977413351493114,0.5033088991450149,0.4881690118582021,0.5018384594285293,0.5019608471196106,0.4704721730730879,0.4943518585328301,0.498942075735573,0.4850320467716713,0.491791042085361,0.4956924135632522,0.5174367086583221,0.4941685703298666,0.5091576986105616,0.5097576535226876,0.5014588991057866,0.4908250933190431,0.5001727572208751,0.499585939482143,0.4967134445870014,0.4981757800009938,0.5053207866150605,0.4931360761824488,0.5028436362091708,0.5226335569467618,0.4907176632925296,0.4986011790964583,0.5264685056282352,0.4945573556157658,0.5084111527242413,0.4986465609014478,0.5121032784999215,0.491237377532287,0.5104506649960177,0.5203639687164611,0.4983516855706131,0.5241104002285611,0.4894435641169159,0.5073020923490895,0.5071689975612335,0.4886190501297058,0.5023523706848863,0.4878969764965282,0.4973782401291124,0.5284846009169967,0.5343654637912381,0.5090530664225559,0.5244426081111588,0.4884989982167142,0.5071789074654508,0.5142348627726178,0.5381000627503199,0.5045786492913744,0.4966243233599576,0.5075734231023822,0.4967922370682848,0.4959044409371585,0.5065731819782422,0.4899164820109268,0.5133114230038173,0.5038271726685418,0.4868337098722001,0.5105093173976637,0.5081127495169144,0.4976570144958806,0.5042929324457539,0.5103400660156615,0.5101000378828896,0.4934478009391228,0.4244291451754619,0.5217194335700107,0.4977677081169881,0.4979720774084237,0.4962704663127427,0.4696234781124557,0.4961251690888163,0.5063082700164843,0.5137771415367077,0.5068889584170913,0.5219254597056048,0.4978872369173988,0.4996715172419208,0.5202719323356589,0.5075197162263339,0.5086304486553749,0.4463553645389407,0.4977782702142663,0.5006296021012988,0.48861724470476503,0.4906254660758762,0.5002253916414204,0.5157312213730726,0.4960354940401488,0.5185392004972327,0.5012946332776703,0.5030108510951695,0.5028470908917182,0.4932548249945929,0.4833816775532212,0.5103892455173251,0.5041017000953122,0.4913941573855856,0.4852293718605953,0.4935444013252585,0.496470781918748,0.509760881696013,0.5047885802687309,0.4966270624691276,0.5079649076810396,0.5110483584676754,0.4963046933742382,0.4885457624041366,0.5144742361821157,0.4985482338961171,0.5017936383569219,0.499588219866072,0.5186733085457141,0.4957362347969457,0.485276595111087,0.4897763387957307,0.492810394961212,0.4879147109708651,0.5096662582910905,0.4968669091618938,0.5080461439134779,0.4985038483280519,0.5053406457932056,0.494872461649921,0.500747491035911,0.5001753246796145,0.4930655667944681,0.5148578156493275,0.489091727423817,0.5100955469542202,0.4946146473470436,0.472847558055593,0.4987002090049905,0.4996757536039581,0.4943043544581558,0.5074891118576831,0.473189189605939,0.5028686052402671,0.49737172301359006,0.4807436185216654,0.5075926757018661,0.4875741042138317,0.4855387384598601,0.4921577601246809,0.5154161672826602,0.4918468864177468,0.5166571294957318,0.507568493662669,0.5320993665589391,0.4906737541389993,0.4937223026648322,0.4899683144107932,0.5235077720242828,0.4980119868775794,0.4984884822945109,0.4866777241329029,0.5039347601001514,0.4926473376164702,0.4938610014646404,0.5002544359999878,0.4852680145152871,0.5228009431803056,0.4942712237898073,0.4970431854239591,0.504152638715711,0.5047165036270403,0.4906341503443048,0.4994166094119926,0.5020019981887648,0.5115764454793679,0.5026400065057379,0.49529269350375305,0.4950912449083675,0.5210375208016947,0.5024623632949774,0.5079134936652353,0.4822792212589241,0.5266246933746186,0.5236387960666607,0.5118740579431853,0.5036960964715289,0.4862481486804389,0.48084250900095,0.4927087469486373,0.5017054772808867,0.5142228124954561,0.5162413112951435,0.5339065481750962,0.5008903747619863,0.5029995500870219,0.496802401127065,0.5098559842896644,0.4878536633464392,0.484935910141772,0.49354522372079296,0.49226998712982795,0.4870371437953044,0.4797419274990866,0.4956160387011058,0.4867302718398966,0.5084868071328124,0.4974080462089086,0.510633299886067,0.5142641238451511,0.5092011574502855,0.4984973337539366,0.4937057350897189,0.4980122971643257,0.5040050189303915,0.4788139110190593,0.5197472289377073,0.4977842683464497,0.5022078191566287,0.4893350384911244,0.5044754800466352,0.5149485777204866,0.49608551577608206,0.5087625095092596,0.4898533042742985,0.4835485372935349,0.5023443046840581,0.4947701857079099,0.5040093156034634,0.4978907655965631,0.5039440953941969,0.507172895238687,0.5074171390797936,0.5170127011583815,0.5212213852142311,0.4887243783574594,0.5123447218718085,0.498222289097282,0.5396809501135473,0.5094805496675534,0.5094924053957952,0.4875872568889595,0.4902139734605358,0.486157886044441,0.5147831071002572,0.4885377065486443,0.4988168297595574,0.5094751163742537,0.4944926090050408,0.4819012206110424,0.4940426091149162,0.5032099298351729,0.4997314079870205,0.5127500564672268,0.5004378757747661,0.4987350071604811,0.5023815231194171,0.5109755494941618,0.4881131835007737,0.501083999774916,0.520822725155422
2007-12-20,0.5223323133047227,0.4787730221723004,0.4906966576714926,0.5232663070631942,0.524137300703241,0.4955416377438731,0.5151533313324823,0.5071637832881546,0.4875427124715404,0.4855145712013272,0.4915039136181913,0.494404445446881,0.4858842658959677,0.4840504108215341,0.5128775484395734,0.4899014248803085,0.4942292882161964,0.5131075428766859,0.4992571635259565,0.4638517200113144,0.5043683063615633,0.5091951687683032,0.4932024604845811,0.4979907262256074,0.5118919423499361,0.4917009216073279,0.4818260187284579,0.4629800277002466,0.5138264912342418,0.5006654200328003,0.5024399228480476,0.4831361513722535,0.4909270707315508,0.4967710537520745,0.5004064476306301,0.4990696215072616,0.5225510426772685,0.4880173511421012,0.5084429622505257,0.5085086107097918,0.5183693859475984,0.5051606290108702,0.5112739770009154,0.5159291339668052,0.501509476487178,0.517711834755745,0.4964589727258604,0.5111992026079288,0.4847510263493006,0.482834273998044,0.5070929153579696,0.4837265417254074,0.5031140306260078,0.5053558474817765,0.4991797617702341,0.4996547561075789,0.4978563260933901,0.4603424900865221,0.4924455887152055,0.5032053327961112,0.5024855186140618,0.5069808004996194,0.4984261239527578,0.5065749906811962,0.521246633165457,0.5023853924747065,0.4857993839989939,0.4974895447105116,0.4994563506485216,0.5067816051318178,0.5177545810607773,0.5196911044467694,0.5008687631290061,0.4997593947886473,0.5032932340258471,0.5024682017960546,0.5104702675962762,0.489064705183743,0.4954240579272432,0.5029100316277211,0.5107367633828604,0.4974333534240548,0.4710234353155918,0.5144924076689734,0.495452813635103,0.5029105803579581,0.5117223323674395,0.4630342021902956,0.5199560653202777,0.5283839141953335,0.4955134183772734,0.4865177083577492,0.4671487220332404,0.4923937082002082,0.4861617425161086,0.4946131928607138,0.4712567413197194,0.4904692442304066,0.4947833662971519,0.4856286892988871,0.4973826725705878,0.5179094868332528,0.496073448433826,0.4820122255474253,0.4964169607354113,0.4921084481822361,0.4905598147758252,0.4987483964545475,0.4859612779177809,0.4965438611970751,0.4879114096048165,0.5114658152599177,0.4963534924647581,0.5063757358053564,0.49925629456118703,0.5325616134535816,0.4896448643281033,0.4999662098548734,0.4911683817136946,0.5010145198455936,0.4884543556315655,0.4873790504011508,0.4906066986138399,0.4971631307204628,0.4938396518349231,0.4922796427043558,0.4876549691830802,0.5164298459383522,0.5040376663255675,0.4760461641924601,0.5575925437538637,0.4989615766479902,0.5276344877960104,0.5072274675839653,0.5325823689361544,0.5021227230413582,0.503955680308952,0.4923147869052236,0.5089187043277243,0.49312864274396,0.5277165626810452,0.4956099393940945,0.5117158254241351,0.5318054356847097,0.4660653010694653,0.5127864339068092,0.4772833388422546,0.4808316612101074,0.4797096857154706,0.4919112846502331,0.4946294180058148,0.5112682387308445,0.5089337954681101,0.5189878356762414,0.4906977304351894,0.4996853599967723,0.5047111380463875,0.5121643016206334,0.5050032765735958,0.5241909442071522,0.5069185706093762,0.4958264712118685,0.4988523648548889,0.5073377278428234,0.5209386711216031,0.5128634691315233,0.49845437671095,0.4785497868920428,0.4855757603499313,0.4891418871059802,0.5000246943862083,0.5121105444316726,0.4759706000553717,0.523066171698954,0.5134154543553626,0.4993701984657314,0.4965987439685486,0.4837265417254074,0.5015613492878946,0.4918078514503634,0.4936855385676906,0.5202413108107979,0.4937139564428794,0.5267157541092966,0.5135299890283501,0.5359231848605521,0.4951007644991189,0.4945858995372181,0.4946196138252883,0.5029135805312983,0.4760678240564697,0.4858883042972349,0.4965131777047251,0.508300888459389,0.4837250051786034,0.5082566069058875,0.4854241021583186,0.5121598827211311,0.4947534327119306,0.4905167658228312,0.5009392005361988,0.4989586262857163,0.4932346495125959,0.498933003307487,0.5049659412030092,0.4887902836210527,0.4855415766545869,0.4952552051543384,0.5067799164046358,0.5074417190560102,0.4847672025811928,0.482342219941144,0.4877863595379756,0.4880897283940417,0.4931301692967375,0.5148098242164847,0.494488436637044,0.4947545988337458,0.5087417503313554,0.4832482519732708,0.4857370553823094,0.49785190362328996,0.5068794288669359,0.5182534615302157,0.4786305931230999,0.5073688297969754,0.5030550083709242,0.4846211232515865,0.4990344269765266,0.5012275513219266,0.489337850733221,0.486584864685748,0.4862436192080079,0.502490144791025,0.4982609663552057,0.4992543890057616,0.4836406168175194,0.5259837060665137,0.4864984031104592,0.4744670906730342,0.5035075429485499,0.4978170042950432,0.4813373276458618,0.4933275280419307,0.4966374659339062,0.5081512511867792,0.5010733289263158,0.5131471782119855,0.4853446830944574,0.4906428870775147,0.4941157727707174,0.5060517678245854,0.4991139300272333,0.4956023911590411,0.5016259920693951,0.5080686260951385,0.4840451481243875,0.4986494735863666,0.5276872213801043,0.4900407165346245,0.4926755383953164,0.4881245732414088,0.5052528915156309,0.5027695972423516,0.5035055180793784,0.4892120859500839,0.5000432272366456,0.4988951298587294,0.4900476277546194,0.4950548080981227,0.506147245106311,0.4914597411424798,0.4805022347159613,0.4951014938129058,0.4949899550020224,0.5080527026029305,0.4868111376945798,0.5015069827420775,0.4940133909512243,0.4996901843417719,0.4989359957394468,0.5129109914116258,0.4759981901357964,0.4794024544072849,0.4925633263939701,0.482856363853553,0.4808918388494498,0.4948076223105371,0.4871437677330643,0.5197182482996596,0.5106407023076117,0.4874185437996743,0.4880357856615161,0.5019053565852423,0.5060726355288033,0.5021658109741215,0.497467695564584,0.5066825119928201,0.5270900440648979,0.4940926904988455,0.493166507195941,0.4994578804542357,0.5224288923748794,0.4851789915565796,0.5103128638164034,0.5031997695386,0.48814303861637803,0.501364752868409,0.4865643242925386,0.4954157902672065,0.5248927083437379,0.498801334171554,0.4990157664247705,0.4910538095668239,0.4955478122038108,0.4961149300577807,0.5110055391922991,0.4897199473096557,0.4907999619483786,0.4693569732220431,0.4957262191189302,0.4924876645514508,0.5032871509331145,0.4815664384888891,0.4950479034909804,0.5304703455204349,0.4941968861881078,0.4910972465190076,0.4924685741342987,0.4911091684472409,0.4963580412983522,0.4964490565082037,0.4947697714772898,0.4867483786837536,0.5079312503837781,0.5093526356961773,0.49788830048898,0.4939344098723984,0.5111590162328218,0.5001593447537498,0.4932462257171915,0.5035253132365026,0.5214939408956711,0.4870044787163201,0.5029413518299463,0.4964799031965332,0.4942596098602362,0.4788425949471286,0.5138478591093889,0.4846240001025095,0.5124718435784187,0.5208992065304615,0.4902790906759214,0.4896323538473568,0.4904972941289516,0.4905851123338732,0.498348088921066,0.5070637037626745,0.4877117574630722,0.4853646337733997,0.5090666158339138,0.5114186546811887,0.5106848434809175,0.525622972132938,0.5027669316637007
2007-12-21,0.4974180330183359,0.5026636380631617,0.4950855020336192,0.4790076286262945,0.4925986765949077,0.4880886845919462,0.5085371313626257,0.477465958218859,0.4876081185837123,0.491718043671205,0.4913125488076087,0.5004883730268731,0.5160696101618554,0.4917331700378256,0.4864971523384646,0.4853356615978867,0.4842944120546456,0.4991312677668645,0.4905866955010458,0.4699150424260141,0.5066334926408628,0.4867320960917944,0.4975658217849651,0.475655097831773,0.5117374215332423,0.4854980115813369,0.4915181549825854,0.4876374728992025,0.4951002707749018,0.49801123910390205,0.4987127867913107,0.4861020388406655,0.4970253369474579,0.499665552729804,0.4933690701057605,0.5101580318296219,0.5183641324199618,0.4905365869768153,0.4845629644630903,0.5045859105115568,0.4912511199202661,0.4890466218578345,0.4898060409204647,0.4809134894039402,0.4834650677162205,0.4922544988272286,0.5052476966139688,0.4952869608110319,0.4859787485292304,0.4962642254500996,0.4873005838634315,0.4910030853340992,0.4818843907570908,0.4765387610334234,0.5134007485449733,0.4880499045943478,0.478193521714129,0.4687399384786984,0.4917647156892768,0.4738028236091665,0.5138084041697939,0.4927851604475801,0.4873807148939942,0.4721753974521535,0.4919795892844376,0.4870449506085768,0.4816443346043192,0.4870645254957893,0.4749185236984821,0.5154689089559543,0.4832836152536866,0.491746149683433,0.491561206365067,0.4818234491679352,0.4983172677311986,0.4990430299173769,0.5099197299543277,0.4822862038987839,0.4945906909933466,0.4853218739774754,0.4983179745017935,0.4886822652803659,0.4888415494303932,0.5009945501150808,0.498039473015088,0.4825956495491433,0.4949356922777311,0.4821742251383721,0.4936343958762969,0.5008851172632227,0.4958001214891365,0.4740566316195649,0.4971285942428115,0.4893930537480437,0.4902412447552752,0.4785762118948337,0.4997754854328738,0.4871536083538727,0.4802321673815909,0.482179655532287,0.5010996376648931,0.4844694473378133,0.4858764030783938,0.498064751206119,0.490870409333718,0.4970368344265883,0.4854700880635627,0.5098679734007875,0.4862757109423928,0.4896422859558429,0.4820913285132498,0.4828154831449686,0.4934153719366581,0.4700910345138205,0.4899866720198749,0.5153562267352787,0.5029059401321366,0.4847344284619421,0.4882980938558369,0.4870978613360168,0.4859853631456044,0.5084115176813234,0.4907187596710788,0.4827291094144185,0.49654068139704205,0.4903937956402541,0.4734818080850636,0.4866531398340353,0.4671072958881297,0.48951475328037297,0.5064679951446226,0.4984142928764654,0.5032844499439598,0.5289965864757042,0.4990991612895324,0.48472183180426004,0.5054450332116665,0.488838309260821,0.4841556940099991,0.4849512466068535,0.5136806218860394,0.484563202098453,0.4834306853177569,0.4933948937504831,0.4900907409465508,0.4890356818112857,0.44828841859574975,0.4911538500054282,0.4843770008281497,0.4908006187789815,0.4957746236772536,0.4997759250550245,0.5006503457195269,0.4890735620721433,0.4875083924857262,0.5158006360053285,0.4837951533787022,0.4930008664972784,0.4785765751442675,0.5163670716376579,0.4986725218773924,0.4907046076547356,0.4623915141822518,0.4748485499214898,0.4741822335225873,0.4876920958570983,0.4856293506770889,0.4882974430049274,0.51127184953576,0.4879723813496876,0.4986634477764042,0.482802465280031,0.4991354452936006,0.4911829050954244,0.486362330741632,0.4960922863009166,0.4636092299487719,0.4910030853340992,0.4675060818627349,0.4860860664371824,0.4618512321721121,0.4930322154001687,0.5058381390608909,0.5076992185988852,0.5412413147306945,0.4992441007107492,0.5153259051298898,0.4967155272777194,0.4952303478231268,0.4805923863345522,0.4958356581361433,0.4837164285014727,0.4995771461388367,0.4868674462587352,0.4969014431546051,0.5069817193626159,0.4781268127039164,0.5019231056033331,0.487229703316793,0.4985851941377685,0.4930897591484586,0.5109316979680602,0.4819285340679591,0.4608696401273536,0.4703486790935429,0.4995631817717343,0.4975156834679002,0.5004188767615357,0.5045438301231071,0.5098570710588531,0.4736349578792168,0.4901953226597822,0.4765933581926852,0.498769492506673,0.4888185524944594,0.489396227843585,0.4898269938635518,0.4956869016624882,0.4808299127302229,0.4831585619599042,0.4821851877882831,0.4881774160156178,0.4891148679833881,0.4770256043774652,0.4946780377922715,0.4919629384724267,0.5039683176905597,0.5004867880674307,0.5062027172955988,0.4935551122631146,0.4940635830451296,0.4631789202594961,0.4810607694241554,0.4871076436309327,0.5004620348390212,0.489960708803918,0.4930175039046092,0.5263004942672891,0.4968936015222983,0.486189269267707,0.4957156385626391,0.469259232117151,0.4937252832998376,0.4855730237449085,0.4845973725582153,0.5096231364967094,0.469689565763052,0.4759602369933303,0.4854430497776105,0.4907795651016285,0.4859337820453018,0.4810091870876768,0.4674626220974074,0.5063526753494488,0.4869086376696045,0.5148476337162152,0.4952321663837468,0.5155507229470564,0.4849930788277119,0.4742586203742012,0.4923007765211953,0.4883637900166637,0.5027107618299987,0.4652789009421341,0.4781687297545266,0.4678514783223032,0.4795953740306017,0.4780107099564643,0.4887440139427124,0.5032654528509806,0.4916691153841019,0.4942765542059586,0.4839532751924826,0.4848335526346298,0.487972577943809,0.4967996158633863,0.498274360039525,0.472705807545681,0.4942283397470074,0.4940888036225675,0.4694606990805844,0.4854772056296891,0.4897847881375104,0.5204022595395242,0.495419859591361,0.4831495953806814,0.4996899616969746,0.4903228289737201,0.4835566915617351,0.4954865014570179,0.4945473502865439,0.4943009887837915,0.5208145432879451,0.5062572161879321,0.5090886595771463,0.4849299868035687,0.5009516468659506,0.4885549416727484,0.4951228333744817,0.491644110756202,0.4928762136457512,0.5124350976206691,0.4987971334652135,0.5066290711740395,0.5007047320996545,0.4949850470937735,0.4802672681504047,0.4859090982997082,0.492576917347514,0.4957762587860723,0.5000414382678133,0.5013639669475681,0.4988308331279183,0.4941385588418874,0.5047857909114425,0.4983722206828357,0.503961624429171,0.4723141288819149,0.4945979476080632,0.4591127266102493,0.5076899415662959,0.4920949455388412,0.4873061968397416,0.5086744076385796,0.4881623313323577,0.5551955383626537,0.4981076181358508,0.5013938805800884,0.4939643499720262,0.476200045686194,0.5204600052365971,0.4909213063751821,0.4988348710298099,0.5061858167814892,0.4927726817220845,0.4822544086127581,0.492746395522995,0.4821316750451435,0.4933750092244186,0.5037677312174441,0.5005350150098673,0.5030459255486217,0.4899227038246059,0.4873226913846063,0.4903223466494291,0.4713620312226285,0.5107486791083125,0.4941316754029396,0.4974984134786808,0.4808460849963064,0.5030572592732568,0.5008100297922805,0.4803632520517331,0.4845753872093578,0.4810963402943665,0.4876365131511749,0.49436111379183295,0.4783531027515597,0.5052344215021523,0.4922435616262387,0.49808870357904905,0.4874529617541949,0.4734054988986016,0.501977130246649,0.4939298344794996
2007-12-24,0.4943778454084296,0.5052386725317803,0.5107643776179098,0.4909966863644066,0.5077910725442847,0.4992099322210522,0.5312771680444389,0.4878327983367428,0.4942761971733045,0.5112312127918504,0.502037430391598,0.5086136252582382,0.537693671159769,0.4828430525657543,0.489829234659409,0.4894097733312339,0.5054778980954356,0.4844845188029708,0.5052209228720165,0.5169982327632248,0.5157540823697421,0.5145461827296534,0.5172541042136622,0.4932466996667978,0.4909762779424355,0.5011893299289996,0.5008093423989142,0.4960692152312944,0.5162966821111096,0.4886630713297054,0.5115772940781002,0.5015066131649001,0.491246355120965,0.4873041816743829,0.5000309100503053,0.5077004590246919,0.5042760035161485,0.5021892953749625,0.5168114420896719,0.5167415673062886,0.5002110724707686,0.4885487697252403,0.4843009685964794,0.4951369929863583,0.500996533473116,0.5075293270827158,0.5352016371405864,0.4978247824351683,0.473639770891492,0.4994445111007106,0.5087509938869035,0.4883671314569127,0.5220338273117311,0.5189771825093731,0.5245752653225912,0.5173567904099845,0.5105822842808841,0.4680668546369426,0.5061293475309449,0.5168144875440218,0.4863504047036433,0.5261904410348257,0.4864521949314904,0.5022025358071096,0.5015558450696952,0.5096153207318487,0.5090228728986238,0.5039032151139504,0.5166949782118011,0.5187124532571092,0.4992408906398057,0.4968430739490548,0.4991318608120299,0.4903324260291945,0.5129355308819616,0.4961601217918122,0.4772575899026657,0.4879626322445352,0.5055445475778633,0.4736367918023752,0.5050107674525585,0.5330438784949415,0.5045447181875484,0.4945445895705654,0.4961491442481298,0.487019208282071,0.4938561486208678,0.5006662197416043,0.5248602690700664,0.4717667812668506,0.4783900821761197,0.4844840308695832,0.5059929342210855,0.4948974708624438,0.4825251468841165,0.4934627087234852,0.508841737361015,0.5013802433330384,0.5102171746960589,0.4881822349806086,0.4948547800655094,0.4943414262630161,0.5084329374384109,0.4966700401313574,0.5057374342410325,0.504568847945092,0.5072692068339142,0.5010534602658566,0.5217736999697234,0.4854475808717913,0.5087612947651136,0.5153838529264702,0.4995365924370612,0.5117952898127986,0.4941913542492936,0.5164829181806573,0.4939322414239529,0.4920789016275792,0.490993211750199,0.4734522313967189,0.5112505817245443,0.5060127549859686,0.5076237833663895,0.5148949627040383,0.499219424192665,0.5311297646273694,0.4789348434628695,0.5118777820963403,0.5184711608954699,0.4921661513293877,0.4881099162934818,0.489355820339436,0.5035365801857608,0.4917340938251799,0.5027517921678932,0.4891218107581465,0.517921911884906,0.4955799207302004,0.4984683148554094,0.5047658422864069,0.5122998835547999,0.497475213764565,0.5069788909634283,0.5099589658883316,0.4983888446538402,0.4813049777659577,0.5037355065629904,0.4916144023653818,0.49987686152298494,0.49682638941663304,0.5051743029497422,0.4984867038717765,0.5093644895619504,0.4962736812210693,0.4952694272142559,0.5016841528217115,0.5034848108946542,0.4939295319914136,0.5267801645855481,0.4966937668643537,0.5020910522770331,0.5085258632146084,0.5204233432577989,0.5049032026971114,0.5059519431045374,0.4946907214409044,0.5168939299989255,0.5002581392382027,0.5036950323530451,0.4928718757836109,0.5155472409370842,0.5059218674755407,0.4954318182505379,0.5076902690592048,0.4973820619030686,0.5078109651275287,0.4915590572637774,0.4883671314569127,0.4836446645040622,0.485334626449398,0.4740860211318661,0.4887109770139516,0.4884462367633679,0.5127000756728015,0.5265473422317768,0.4938210408260791,0.5067417305013612,0.4893250026959097,0.500808892884247,0.4890526231643385,0.4838907424670833,0.5050983622446953,0.5079413014086204,0.5058830359555037,0.4962248706562921,0.4776545414325642,0.4915998539465685,0.4988192240668561,0.4945761654245328,0.5067376062807459,0.5137907747808205,0.4943309869655619,0.4870094685006818,0.4645173155561363,0.4817277114718032,0.5109149009447378,0.4990002461958642,0.5238231136857731,0.4826762904286,0.5064460907179669,0.5086860447436696,0.4898995157799179,0.4941229390638016,0.5172576822138645,0.4922434965949,0.5098223829057624,0.4938602281007648,0.4997196904053002,0.5042736318895917,0.5262086160495781,0.4897473325869007,0.5031426856430813,0.4734888845002394,0.4774659094030421,0.5076489787561503,0.5001018013154321,0.4992966220126431,0.5046708702063338,0.4894907968392161,0.5163357461394787,0.5122401649147237,0.4986214913739161,0.4836362128918798,0.4947768955200367,0.5035201781596439,0.4945692861069117,0.4993650235020718,0.5271473289994133,0.5009414425103158,0.4854384799861591,0.5123783256911276,0.4953332082873408,0.4941255884989384,0.5007011921308439,0.5206115928458566,0.4939615507855487,0.5252803169603667,0.5016013505178011,0.4794672189781482,0.48441556944428793,0.4904161371254148,0.4949308731216481,0.5108860113792956,0.4809426257904068,0.5017170380809743,0.494257791995961,0.4986313666713325,0.4856733632508435,0.4961711533245528,0.4887401604881184,0.5007149158414566,0.4989499903397001,0.4992980712467691,0.5102178741959548,0.4900402454917618,0.4938294037603134,0.4946919072993104,0.50026866269792,0.5241076027762009,0.5008078717751083,0.4949191182615239,0.4970916965523818,0.5140009601496581,0.4973646832648219,0.4936498735608211,0.4999349089466073,0.5030826381038084,0.5088078330006987,0.5028772454498618,0.5044949007343221,0.4918052742561195,0.5145258466876307,0.5045430164298105,0.499311248953197,0.4974282779692809,0.5074954434021889,0.5162037620693299,0.4864390116995278,0.5027711284479945,0.5109209728023865,0.5282350457939007,0.5035957349259548,0.4870694508261974,0.501223701643014,0.4936540527647278,0.5089326271812527,0.4932789330709198,0.4880681369035934,0.5106041118698594,0.5100745544910812,0.5081272428069442,0.5243296434404973,0.5121137876831631,0.5018822215998309,0.5035566196712374,0.5114419934310654,0.4953156557396543,0.5053481314305993,0.5044195287701956,0.5127220027457321,0.4971184092546137,0.5067359735256273,0.4951927408544766,0.5029710234377801,0.4870132568167371,0.5043545047375146,0.5076051074662727,0.5122963776328521,0.493394805175429,0.4928724120781998,0.4945129779772757,0.5220080736238384,0.5068636239502314,0.4967565482160169,0.5039996942028424,0.4506202063142197,0.5150089008478799,0.4850189277437349,0.5136370475812493,0.48555075038140794,0.5186283125038784,0.4941811005241145,0.4864046644857906,0.5015307395278995,0.5189627559225206,0.4919741300468103,0.5178209434883027,0.5040389732831778,0.5000329188407016,0.5060254189248575,0.4958142442429573,0.5305537161393421,0.4810385983802291,0.4981455963979303,0.488386973924443,0.5111922129893118,0.5143904774668663,0.5023529610557829,0.4967513080215562,0.4942817303118008,0.5162186291171473,0.4863944234810657,0.4794313159718527,0.5007530069713632,0.5143977250029659,0.4963558911100809,0.503122667141263,0.517240986592768,0.5241813850632661,0.4913343133225648,0.5193466637401621,0.4987990174503637,0.4855710256342942,0.4903921312766975,0.5000147321076125
2007-12-26,0.4809475049508629,0.4784462477149029,0.4880458425087912,0.4879746225598725,0.4948127890818319,0.4789255751878784,0.491638277013701,0.5054246366395008,0.4963879525225353,0.4856455368927493,0.4841300284856082,0.4871518503636344,0.4818380548890252,0.4990967796394221,0.5336771429910661,0.4962635932111338,0.4576955648464042,0.48738212278665105,0.5010859285993831,0.4831067279341173,0.5028586774494489,0.488693780965699,0.5063292182062861,0.48343724318724296,0.4833236092069264,0.4896432425525206,0.4755277071096189,0.4775812868839123,0.4916818800237802,0.4944149020763896,0.4890610426451549,0.4960545112311257,0.4683082777341638,0.4847066992062496,0.4879987278261546,0.4833430566980386,0.5081569891863977,0.4919821251680184,0.4872592927576504,0.5030187744339315,0.5017965757020548,0.5047010749758916,0.4687586059546945,0.5058479149140424,0.4912184649248322,0.4873382305963516,0.5012127117586304,0.5107468063524491,0.4755773526840023,0.4915104339767115,0.4966048309696589,0.4931488133641559,0.4781687041932585,0.4947671429805202,0.5156938918941107,0.5155246122363508,0.5074950363852876,0.4948183089199529,0.4865835653354453,0.4866038242768656,0.4969806221670282,0.5018138713959129,0.48852776136267895,0.4820485264430501,0.4999230391836363,0.4942611090293712,0.4843112789198067,0.4744502100679397,0.4967614395893293,0.495250333261377,0.4888292637346946,0.4819045144831868,0.4756315703860111,0.4835502096617286,0.4851277713820831,0.5022455613386988,0.4962092109804632,0.4844587288320691,0.4832754868789454,0.4841341965385649,0.4925267181342199,0.4947784565772283,0.484741223114563,0.481277992043608,0.5127012458954776,0.4824840880999553,0.50174170181797,0.5060059752645087,0.45602476601557396,0.5058285464473853,0.4967879874101741,0.5037846908426674,0.5349197669848029,0.496162793201605,0.4911855261299456,0.5005507133244148,0.4780805514880411,0.4979274489740128,0.4810063229820626,0.4936259642932413,0.5111570264506232,0.4884674732398111,0.4897931302240836,0.4954549718635522,0.4837587621199767,0.4891183942819186,0.4858771900712946,0.5034853638892749,0.4930991549510537,0.5002779516255237,0.4981258298419161,0.5100642710093415,0.4939532153785272,0.4859712900077672,0.490050136083639,0.5347393368899797,0.4723457230908496,0.5055981545613448,0.4640080533396371,0.5124994739766889,0.4909688115142061,0.4985104744114907,0.5061164137243466,0.4919025771941802,0.4957102042701789,0.4828896946859148,0.4804955107606554,0.4987907040611552,0.4868871337063174,0.5114842239984935,0.5090990685756722,0.4966543021137891,0.4900925317107309,0.4950511162014006,0.49528531350004396,0.4898305604093906,0.4906108078848934,0.4903530416001292,0.4924675970286962,0.4975180705965861,0.4837081778017653,0.4963111502774693,0.4979565218247651,0.501049368605486,0.4978192445815939,0.4769582245497458,0.4814617753700661,0.4838201218407805,0.4802041392138176,0.4855995007002754,0.486001075275945,0.4869636520926959,0.4849451814666863,0.482620346595299,0.4942219093180975,0.4927156432859625,0.5026096494779972,0.5076240802604279,0.4833022795742877,0.5080905872403471,0.4962309196955573,0.4941323145731808,0.4788821611769673,0.5107395638180999,0.4730807932231357,0.4911937664726128,0.4872116716101602,0.5008585228188657,0.4994000775960528,0.4858736146095648,0.5091597451518504,0.4909646387233248,0.4628090296280691,0.4857228665445622,0.4958732014666539,0.5007989606534989,0.4835958262459593,0.4931488133641559,0.4820961075980513,0.4839862976477503,0.4687678720341397,0.486109811584616,0.4797952443109814,0.5226185600588279,0.4999197515991855,0.4881388699238102,0.4850094080046081,0.4966629218953413,0.4868259176878008,0.4988015942836649,0.4646851788243621,0.4836878109956088,0.4851042308714197,0.4904820096464691,0.4887671771491859,0.49863497071526,0.4897387108421444,0.5067716907629842,0.5040282380490448,0.4872008820356743,0.5097879006130106,0.4967680467899625,0.476822585473331,0.4624176823594296,0.5081804488121746,0.5116689219138939,0.4959604260385376,0.4888791970641488,0.4705397524863221,0.4850403474088895,0.4686217885522166,0.4851496189789794,0.4887727285590603,0.4951376613675782,0.4867188599422594,0.49571540914662704,0.5099438487957562,0.4975710639114091,0.5040806822404966,0.4935420100278552,0.4960876267279038,0.4987188676992941,0.4971269599860108,0.4930889014334528,0.48671880113739097,0.4985685931670165,0.496603629691673,0.48598872609122,0.4643790972890404,0.498823098910328,0.4728668334510262,0.5026926215527179,0.4880495158427984,0.4930137736965567,0.4963433895505351,0.4984363284601614,0.481383405439893,0.5072675123165726,0.4829004864703185,0.4943325242130289,0.4983385751595712,0.4991348777842639,0.4953570277410922,0.4875331492045536,0.5051257909802593,0.4815513503768011,0.4922312064639072,0.4914440154440471,0.4921342481558537,0.4983877393103054,0.4866136139329546,0.4813242195002884,0.4810934445891016,0.4921830931765143,0.4844113091506978,0.4966431639073424,0.4837739955611703,0.481483074569951,0.4992833874538355,0.480952240712322,0.4981939048667096,0.4844214915571474,0.5002163184162375,0.4811396925720082,0.5011502450371889,0.4994909926864669,0.4722116976471846,0.499514455598849,0.4985724927747456,0.4907013103063061,0.489056450923739,0.4831537502268787,0.4783445241529512,0.4922392481339654,0.5064191564265486,0.4853079460528761,0.4740188091131601,0.4785661282293683,0.48851788878325897,0.5052739733824041,0.486171307488541,0.5119147380866262,0.4900595358905859,0.5219121478544168,0.4975976988190037,0.4946546016825827,0.4927840868226431,0.4884724678358457,0.4851661092011237,0.4903926892604269,0.4853620544951634,0.4854349501753768,0.4809586204457649,0.4843322534126135,0.497876602897681,0.4906864576346189,0.4929736380938817,0.487933651560663,0.479753421845721,0.4946750310173963,0.4962639165422602,0.4993672598947564,0.484472590057936,0.4781453580451939,0.4872966357923654,0.483432438286096,0.4921689572905569,0.4901728848044296,0.4928469756270031,0.4836291321216208,0.4952380814579931,0.4858184039985439,0.4921331270725035,0.4854409703190822,0.5103690914761906,0.5003156713966767,0.4970849833845184,0.4721445917467834,0.5078173856515161,0.4638004258578756,0.4795051193399234,0.5017702188784695,0.4956669682473583,0.487512538231375,0.5024673532987427,0.5183446059793275,0.487312590719086,0.4950034302039036,0.5037653975842993,0.4853030012132896,0.48863291971283795,0.4869696214293678,0.5059924875143436,0.4879643798597824,0.4884662892055631,0.4828757772782261,0.4896213145004091,0.5007258698888472,0.483789272439004,0.5041861742848418,0.5185802348559678,0.5066936884450913,0.5116016105240505,0.4828449948373342,0.4962926696399322,0.4911554159400429,0.4949985206759826,0.4588694541315488,0.4946888312919033,0.4845366760951869,0.4964897124540153,0.4924258485442309,0.5140047847199372,0.4842823792908418,0.4938219719217116,0.5107777286309655,0.4861398190173216,0.4880216857758711,0.4971565666569543,0.5000686720836829,0.5254055415861489,0.4952327997052807,0.4679243966874087,0.5288341661792314,0.4692478588373131
